,Unnamed: 0,Year,State,N_CoC,N_Homeless,Age_18,Age_18-24,Age_25-34,Age_35-44,Ages_45-54,Age_55-64,Age_Over 64,Female,Male,Transgender,Non Gender,Undefined Gender,Non Hispanic,Hispanic,White,Black-African,Asian,Native-Indigenous,Pacific Islander,Multiple Races
0,0,2023,AK,2,2614,361,227,501,609,459,346,111,991,1600,16,5,2,2355,259,796,181,38,1151,99,349
1,1,2023,AL,8,3304,560,178,514,684,608,555,205,1258,2010,23,7,6,3188,116,1349,1787,12,37,11,108
2,2,2023,AR,5,2609,304,177,483,550,557,399,139,1006,1580,13,6,4,2474,135,1696,733,7,50,30,93
3,3,2023,AS,0,0,0,0,0,0,0,0,0,0,0,0,0,0,0,0,0,0,0,0,0,0
4,4,2023,AZ,3,14237,1585,996,2776,3072,2511,2234,1063,4893,9186,52,37,69,10311,3926,9011,3097,101,975,106,947
5,5,2023,CA,44,181399,15499,11840,26443,33036,29056,27063,10965,60459,117492,1919,1270,259,114448,66951,96385,53369,7012,8589,3413,12631
6,6,2023,CO,4,14439,2291,771,2480,3043,2804,2264,786,5324,8935,92,85,3,10671,3768,9655,2431,135,829,402,987
7,7,2023,CT,2,3015,583,236,469,528,489,533,177,1190,1811,9,5,0,2083,932,1653,1117,14,38,7,186
8,8,2023,DC,1,4922,715,521,835,785,740,923,403,1698,3159,39,21,5,4439,483,587,4091,40,73,52,79
9,9,2023,DE,1,1245,335,66,195,189,193,211,56,551,687,3,1,3,1138,107,385,773,4,3,2,78
10,10,2023,FL,27,30756,4797,1518,4901,5381,5492,5808,2859,11636,18953,68,74,25,25542,5214,16579,12495,186,330,117,1049
11,11,2023,GA,9,12294,2349,642,1293,1419,1180,1363,438,4927,7291,10,32,34,11612,682,4603,7165,43,58,20,405
12,12,2023,GU,1,1075,311,94,159,170,154,113,74,479,595,0,0,1,1033,42,9,5,33,1,1005,22
13,13,2023,HI,2,6223,924,428,832,1130,1149,1251,509,2419,3740,36,26,2,5392,831,1295,246,603,50,2336,1693
14,14,2023,IA,3,2653,516,180,507,579,475,335,61,1031,1598,15,9,0,2407,246,1687,664,28,86,18,170
15,15,2023,ID,2,2298,461,133,300,616,305,341,142,991,1298,5,4,0,1814,484,1902,50,8,160,21,157
16,16,2023,IL,19,11947,2426,1347,2490,2414,1297,1439,512,4584,7266,58,33,6,8363,3584,5535,5583,197,143,62,427
17,17,2023,IN,2,6017,1197,347,975,1134,1073,1009,282,2510,3460,15,24,8,5728,289,3684,1962,27,39,36,269
18,18,2023,KS,5,2636,435,153,467,610,466,414,91,1012,1607,8,6,3,2304,332,1795,540,12,78,14,197
19,19,2023,KY,3,4766,590,307,805,1068,985,768,243,1799,2928,18,20,1,4549,217,3386,1131,16,36,11,186
20,20,2023,LA,7,3169,376,199,509,666,585,590,244,1052,2083,17,14,3,3045,124,1179,1885,15,28,13,49
21,21,2023,MA,12,19141,7400,1348,3614,3086,1735,1344,614,9637,9392,75,34,3,12440,6701,9223,8659,181,126,134,818
22,22,2023,MD,10,5865,1146,418,918,973,907,1045,458,2355,3474,21,12,3,5427,438,1945,3521,64,96,29,210
23,23,2023,ME,1,4258,1236,314,634,864,614,417,179,2129,2077,38,13,1,4039,219,2044,2013,17,34,5,145
24,24,2023,MI,20,8997,2280,721,1375,1559,1213,1196,463,3847,5082,32,30,6,8348,649,4278,3981,51,101,20,566
25,25,2023,MN,10,8393,2390,951,1579,1464,950,771,288,3917,4399,35,39,3,7301,1092,2999,3152,193,961,45,1043
26,26,2023,MO,8,6708,1240,591,1436,1310,1017,858,256,2775,3862,31,32,8,6260,448,3811,2399,40,90,67,301
27,27,2023,MP,0,0,0,0,0,0,0,0,0,0,0,0,0,0,0,0,0,0,0,0,0,0
28,28,2023,MS,3,982,130,49,139,249,190,147,78,375,599,6,1,1,954,28,429,505,7,8,5,28
29,29,2023,MT,1,2178,296,217,319,510,366,325,145,898,1259,7,10,4,1975,203,1480,63,10,461,18,146
30,30,2023,NC,12,9754,1652,594,2040,1651,1594,1610,613,3930,5762,32,21,9,9224,530,4094,5045,60,155,36,364
31,31,2023,ND,1,784,137,84,177,169,102,88,27,277,495,6,6,0,717,67,352,102,9,276,0,45
32,32,2023,NE,3,2462,419,193,401,482,459,386,122,931,1515,10,6,0,2134,328,1585,528,37,134,11,167
33,33,2023,NH,3,2441,443,175,442,539,364,339,139,1112,1310,8,10,1,2226,215,2175,124,14,29,10,89
34,34,2023,NJ,16,10264,2500,737,1658,1831,1489,1514,535,4550,5668,24,22,0,7174,3090,3916,5814,82,149,41,262
35,35,2023,NM,2,3842,678,283,714,833,620,499,215,1578,2210,27,20,7,1868,1974,2456,400,24,719,81,162
36,36,2023,NV,3,8666,693,454,1284,1745,1701,1681,1108,2810,5774,7,36,39,7207,1459,4984,2790,172,237,157,326
37,37,2023,NY,24,103200,29377,10327,22464,16640,10757,9486,4149,44531,57982,545,120,22,53543,49657,29552,65791,873,946,294,5744
38,38,2023,OH,9,11386,2091,911,2015,2306,1734,1679,650,4608,6692,49,33,4,10851,535,5917,4765,40,91,38,535
39,39,2023,OK,8,4648,626,452,859,1032,818,679,182,1748,2798,18,81,3,4170,478,2642,991,24,621,45,325
40,40,2023,OR,8,20142,2617,1255,3433,4587,3809,3181,1260,7720,12001,108,237,76,17560,2582,15563,1559,153,996,375,1496
41,41,2023,PA,16,12556,2669,957,2107,2311,1900,1931,681,5003,7433,49,56,15,10820,1736,5897,5780,65,93,45,676
42,42,2023,PR,2,2242,95,87,165,293,265,234,147,500,1654,4,77,7,62,2180,1096,488,0,16,1,641
43,43,2023,RI,1,1810,376,81,294,380,285,276,118,718,1069,12,10,1,1404,406,1140,436,12,33,4,185
44,44,2023,SC,4,4053,520,220,644,755,731,862,321,1482,2553,11,7,0,3872,181,1980,1863,12,38,8,152
45,45,2023,SD,1,1282,207,107,251,252,230,185,50,530,739,5,6,2,1194,88,372,63,7,779,9,52
46,46,2023,TN,10,9215,1020,646,1652,1880,1801,1554,662,3411,5712,45,37,10,8926,289,5718,3101,30,85,10,271
47,47,2023,TX,11,27377,4231,1621,5487,5321,4589,4485,1643,10301,16906,54,93,23,18849,8528,16277,9668,246,416,96,674
48,48,2023,UT,3,3687,605,218,534,829,647,614,240,1385,2235,15,49,3,2826,861,2805,329,39,218,95,201
49,49,2023,VA,16,6761,1539,441,1032,1183,1011,1071,484,2794,3914,26,24,3,6069,692,2681,3434,133,60,18,435
50,50,2023,VI,1,252,1,3,28,34,52,76,58,64,187,0,1,0,225,27,23,219,2,2,0,6
51,51,2023,VT,2,3295,654,247,580,734,469,417,194,1454,1810,7,24,0,3141,154,2835,266,36,83,6,69
52,52,2023,WA,6,28036,4386,1897,3542,4352,3251,2931,1199,10124,17283,325,239,65,23795,4241,17046,4694,343,2065,1218,2670
53,53,2023,WI,4,4861,1189,279,883,973,626,647,264,1999,2814,29,18,1,4416,445,2739,1592,51,211,12,256
54,54,2023,WV,4,1416,125,136,295,371,289,140,60,548,849,10,5,4,1393,23,1210,137,2,11,2,54
55,55,2023,WY,1,532,37,62,73,116,126,75,43,158,372,0,1,1,462,70,419,47,14,22,2,28
56,56,2022,AK,2,2320,328,203,1789,892,1417,8,3,0,2206,114,818,121,42,851,186,302,1598,169,106,1323
57,57,2022,AL,8,3752,790,217,2745,1633,2099,13,4,3,3545,173,1411,2151,20,32,7,131,1641,360,130,1151
58,58,2022,AR,5,2459,243,243,1973,861,1589,4,5,0,2187,272,1681,645,16,52,5,60,904,95,95,714
59,59,2022,AS,0,0,0,0,0,0,0,0,0,0,0,0,0,0,0,0,0,0,0,0,0,0
60,60,2022,AZ,3,13553,1723,1084,10746,4884,8594,37,35,3,10122,3431,8811,2740,87,939,107,869,3909,955,226,2728
61,61,2022,CA,44,171521,15439,10896,145186,58137,110089,1698,1234,363,107965,63556,93943,52110,4003,7210,2492,11763,44553,9905,2409,32239
62,62,2022,CO,4,10397,1339,575,8483,3884,6374,67,67,5,7853,2544,6837,1741,55,600,213,951,5054,603,313,4138
63,63,2022,CT,2,2930,560,205,2165,1177,1747,5,1,0,2002,928,1564,1135,18,32,18,163,2308,482,112,1714
64,64,2022,DC,1,4410,600,509,3301,1636,2722,36,16,0,4155,255,403,3764,35,39,15,154,2754,351,172,2231
65,65,2022,DE,1,2369,769,200,1400,1129,1234,2,4,0,2218,151,761,1454,14,6,2,132,2002,704,173,1125
66,66,2022,FL,27,25959,4189,1222,20548,9225,16656,43,21,14,21654,4305,14152,10474,106,249,153,825,10040,2818,544,6678
67,67,2022,GA,9,10689,1785,616,8288,4193,6444,16,28,8,10073,616,4262,6051,44,45,22,265,3340,1023,234,2083
68,68,2022,GU,1,1087,374,114,599,505,581,1,0,0,1065,22,14,1,27,0,1014,31,196,78,10,108
69,69,2022,HI,2,5967,865,305,4797,2291,3626,41,8,1,5209,758,1326,227,545,61,2239,1569,1484,395,98,991
70,70,2022,IA,3,2419,485,165,1769,931,1472,7,6,3,2176,243,1594,532,46,85,10,152,1465,247,80,1138
71,71,2022,ID,2,1998,459,132,1407,867,1123,6,2,0,1631,367,1716,47,10,123,20,82,811,142,37,632
72,72,2022,IL,19,9212,1902,897,6413,3620,5533,37,17,5,8134,1078,3344,5389,69,65,22,323,5342,1200,394,3748
73,73,2022,IN,2,5449,1012,335,4102,2207,3214,14,13,1,5175,274,3265,1862,37,60,29,196,3860,752,228,2880
74,74,2022,KS,5,2397,369,161,1867,943,1427,12,12,3,2132,265,1582,500,10,75,11,219,1130,188,79,863
75,75,2022,KY,3,3984,608,279,3097,1555,2409,13,5,2,3815,169,2887,899,10,28,18,142,2410,444,142,1824
76,76,2022,LA,7,7373,2262,211,4900,3198,4144,13,13,5,6982,391,2200,5054,16,35,13,55,5718,2172,99,3447
77,77,2022,MA,12,15507,5977,1187,8343,7762,7669,33,37,6,9727,5780,8588,5855,144,84,111,725,12924,5645,992,6287
78,78,2022,MD,11,5349,1080,354,3915,2146,3174,18,7,4,5018,331,1845,3224,47,68,17,148,3411,823,220,2368
79,79,2022,ME,1,4411,1073,290,3048,1883,2461,15,30,22,4275,136,2906,1258,18,52,8,169,3276,815,217,2244
80,80,2022,MI,20,8206,2164,624,5418,3592,4591,22,20,3,7659,569,3840,3789,27,121,16,435,5934,1583,377,3974
81,81,2022,MN,10,7917,1972,781,5164,3453,4409,34,19,2,7201,716,2979,2925,170,1097,33,713,4443,1126,329,2988
82,82,2022,MO,8,5992,1127,551,4314,2511,3414,34,26,7,5640,352,3416,2126,24,77,21,328,3127,743,217,2167
83,83,2022,MP,1,1207,409,117,681,576,631,0,0,0,1207,0,7,0,438,0,758,4,2,0,0,2
84,84,2022,MS,3,1196,70,125,1001,445,736,6,0,9,1171,25,513,650,3,8,10,12,313,47,27,239
85,85,2022,MT,1,1585,264,121,1200,660,914,7,3,1,1450,135,1170,39,5,254,18,99,1072,162,67,843
86,86,2022,NC,12,9382,1743,556,7083,3949,5356,34,17,26,8747,635,3685,4970,90,146,33,458,4566,928,232,3406
87,87,2022,ND,1,610,116,45,449,233,371,1,3,2,549,61,256,89,4,225,2,34,397,61,15,321
88,88,2022,NE,3,2246,373,152,1721,830,1398,12,6,0,1964,282,1479,499,36,109,9,114,1569,236,80,1253
89,89,2022,NH,3,1605,315,128,1162,685,905,12,2,1,1457,148,1434,91,8,3,7,62,923,164,67,692
90,90,2022,NJ,16,8752,1833,650,6269,3650,5085,15,2,0,6985,1767,3457,4887,64,83,52,209,6366,1438,454,4474
91,91,2022,NM,2,2560,484,192,1884,945,1575,11,28,1,1391,1169,1677,220,12,424,44,183,1725,367,90,1268
92,92,2022,NV,3,7618,522,392,6704,2292,5258,23,45,0,6502,1116,4467,2298,128,208,167,350,3295,456,158,2681
93,93,2022,NY,24,74178,20299,6399,47480,31997,41662,456,58,5,48633,25545,16787,51036,794,567,1017,3977,65640,19586,5787,40267
94,94,2022,OH,9,10654,2098,930,7626,4434,6151,56,12,1,10195,459,5406,4608,46,73,19,502,7344,1685,498,5161
95,95,2022,OK,8,3754,528,360,2866,1496,2220,18,18,2,3418,336,2072,806,30,519,37,290,1901,334,161,1406
96,96,2022,OR,8,17959,2157,987,14815,6671,10931,131,171,55,15876,2083,13960,1172,101,880,227,1619,5103,649,246,4208
97,97,2022,PA,16,12691,2974,943,8774,5373,7260,42,14,2,10877,1814,5864,5927,65,91,93,651,8349,2109,549,5691
98,98,2022,PR,2,2215,112,87,2016,476,1648,5,79,7,75,2140,992,466,0,7,0,750,231,33,6,192
99,99,2022,RI,1,1577,317,101,1159,622,940,9,6,0,1229,348,1030,384,8,37,5,113,1152,258,65,829
100,100,2022,SC,4,3608,539,251,2818,1352,2235,14,7,0,3475,133,1570,1831,16,32,12,147,1888,331,129,1428
101,101,2022,SD,1,1389,281,96,1012,563,818,4,4,0,1308,81,341,63,5,952,0,28,954,213,57,684
102,102,2022,TN,10,10567,1460,629,8478,4421,6107,17,20,2,10178,389,7105,3142,26,50,30,214,3538,721,233,2584
103,103,2022,TX,11,24432,3791,1508,19133,9076,15205,79,56,16,16622,7810,14311,8459,234,376,69,983,10762,2265,702,7795
104,104,2022,UT,3,3557,697,235,2625,1420,2107,9,20,1,2773,784,2703,290,33,242,89,200,2219,469,138,1612
105,105,2022,VA,16,6529,1418,413,4698,2621,3853,26,24,5,5957,572,2761,3269,107,47,10,335,5298,1190,300,3808
106,106,2022,VI,1,175,1,1,173,37,138,0,0,0,151,24,10,159,2,2,0,2,36,0,0,36
107,107,2022,VT,2,2780,481,221,2078,1219,1543,9,8,1,2641,139,2448,177,14,25,6,110,2624,446,191,1987
108,108,2022,WA,6,25211,4044,1661,19506,8927,15707,339,228,10,21271,3940,15237,4219,305,1854,925,2671,9636,1925,578,7133
109,109,2022,WI,4,4775,1228,311,3236,2098,2651,18,8,0,4368,407,2812,1391,45,219,13,295,3624,913,250,2461
110,110,2022,WV,4,1375,90,131,1154,531,829,5,8,2,1350,25,1197,124,2,10,5,37,824,75,52,697
111,111,2022,WY,1,648,106,79,463,256,390,1,1,0,581,67,499,26,0,89,2,32,485,99,40,346
112,112,2021,AK,2,1949,302,305,1342,672,1272,5,0,1841,108,599,141,27,856,61,265,1360,145,151,1064,405
113,113,2021,AL,8,2556,312,74,1691,789,1281,6,1,1895,182,934,1067,6,12,1,57,1095,194,44,857,434
114,114,2021,AR,5,2139,193,165,1781,818,1319,0,2,2006,133,1490,552,9,49,5,34,1169,132,99,938,421
115,115,2021,AS,0,0,0,0,0,0,0,0,0,0,0,0,0,0,0,0,0,0,0,0,0,0
116,116,2021,AZ,3,5460,1387,347,3726,2359,3074,21,6,3994,1466,3140,1391,45,429,19,436,3822,921,206,2695,1709
117,117,2021,CA,44,57468,12424,4288,39950,25230,31319,338,126,37413,19600,33081,17122,1157,1729,753,3171,40662,8268,2191,30203,17690
118,118,2021,CO,4,8544,1545,457,6542,3238,5266,21,19,6049,2495,5589,1736,42,384,150,643,5673,634,262,4777,1882
119,119,2021,CT,2,2593,385,184,2024,987,1596,8,2,1893,700,1267,994,17,33,14,268,1845,309,88,1448,720
120,120,2021,DC,1,5111,752,502,3857,1836,3215,43,17,4849,262,401,4487,38,22,18,145,3352,498,174,2680,1186
121,121,2021,DE,1,1579,509,122,948,760,817,2,0,1465,114,551,967,6,2,4,49,1342,439,102,801,652
122,122,2021,FL,27,21121,3497,940,13915,6845,11438,30,39,15659,2693,10716,7666,85,969,80,603,9193,2313,512,6368,3966
123,123,2021,GA,9,5486,1265,347,3647,2259,2884,23,93,4988,271,1316,3722,41,13,13,154,3379,726,256,2397,1421
124,124,2021,GU,1,199,102,14,83,103,96,0,0,196,3,0,2,2,0,184,11,185,94,12,79,98
125,125,2021,HI,2,2490,766,157,1567,1148,1328,11,3,2135,355,437,87,160,12,994,800,1713,464,101,1148,776
126,126,2021,IA,3,2534,501,185,1848,1008,1521,3,2,2301,233,1753,521,41,89,13,117,1426,244,88,1094,548
127,127,2021,ID,2,1889,552,144,1120,484,530,3,0,863,154,890,37,4,44,4,38,707,148,52,507,305
128,128,2021,IL,19,7958,1828,804,5142,3373,4370,25,6,6843,931,2688,4657,78,64,24,263,4897,1075,375,3447,2117
129,129,2021,IN,2,4975,845,295,3835,1865,3093,10,7,4738,237,3110,1619,43,40,19,144,3123,562,193,2368,1213
130,130,2021,KS,5,1803,277,152,1374,694,1101,6,2,1608,195,1181,397,13,68,11,133,1001,143,73,785,336
131,131,2021,KY,3,2544,372,203,1969,1008,1530,3,3,2420,124,1659,741,15,16,8,105,1885,291,140,1454,808
132,132,2021,LA,7,2131,298,146,1205,612,1029,8,0,1603,46,587,975,7,21,7,52,1224,272,103,849,520
133,133,2021,MA,12,15079,5900,1165,7998,7535,7487,31,10,9593,5140,8255,5140,160,62,87,1029,12544,5525,936,6083,6561
134,134,2021,MD,12,4550,785,375,3361,1747,2759,14,1,4139,382,1460,2776,40,32,27,184,3115,553,282,2280,1337
135,135,2021,ME,1,2063,461,138,1464,952,1099,8,4,2009,54,1657,268,10,31,3,94,1082,204,60,818,449
136,136,2021,MI,20,6757,1828,565,4293,2947,3739,15,7,6328,380,2929,3326,46,69,11,327,5142,1268,364,3510,2188
137,137,2021,MN,10,6775,1870,713,4192,3066,3668,26,15,6196,579,2521,2914,176,550,30,584,4588,1101,323,3164,1950
138,138,2021,MO,8,4926,1173,443,3151,2162,2544,16,8,4509,221,2639,1717,27,56,20,271,2714,698,184,1832,1357
139,139,2021,MP,1,2,0,0,2,2,0,0,0,2,0,0,0,1,0,0,1,2,0,0,2,2
140,140,2021,MS,3,626,51,35,540,254,370,1,1,596,30,338,266,2,4,0,16,223,32,9,182,108
141,141,2021,MT,1,1801,259,72,844,487,678,1,2,1078,90,843,62,2,187,8,66,900,166,52,682,351
142,142,2021,NC,12,7249,1484,437,5221,2936,4189,15,2,6822,320,2527,4254,36,75,17,233,4500,1058,230,3212,1953
143,143,2021,ND,1,548,126,57,365,237,309,1,1,491,57,272,88,4,134,2,48,322,64,27,231,123
144,144,2021,NE,3,1935,326,147,1462,718,1210,5,2,1677,258,1271,430,26,75,12,121,1331,190,79,1062,463
145,145,2021,NH,3,1491,320,123,1048,645,843,3,0,1324,167,1303,90,16,3,4,75,877,189,47,641,375
146,146,2021,NJ,16,8262,1672,537,6053,3342,4905,15,0,6567,1695,3144,4669,66,72,42,269,6002,1271,351,4380,2575
147,147,2021,NM,2,2747,521,207,2019,1072,1646,21,8,1388,1359,1701,199,12,670,26,139,1642,351,91,1200,685
148,148,2021,NV,3,7090,367,354,5366,1879,4180,21,7,5014,1073,3424,1797,141,174,76,475,2529,262,149,2118,843
149,149,2021,NY,24,78920,22349,6712,49793,34613,43729,461,43,52219,26627,17891,54206,886,461,1370,4032,71376,21669,5834,43873,32443
150,150,2021,OH,9,7915,1781,671,5463,3338,4549,26,2,7513,402,3663,3776,44,35,26,371,6469,1433,429,4607,2673
151,151,2021,OK,8,2694,438,258,1998,1078,1599,7,10,2464,230,1646,530,17,295,11,195,1775,311,130,1334,730
152,152,2021,OR,8,9048,992,672,7384,3325,5629,43,51,7991,1057,7268,542,49,439,132,618,3615,431,169,3015,1414
153,153,2021,PA,16,10339,2468,789,7031,4356,5882,35,15,8941,1324,4435,5209,40,48,43,490,6525,1630,450,4445,2827
154,154,2021,PR,2,439,55,18,366,151,284,4,0,14,425,200,80,2,5,0,152,183,10,7,166,55
155,155,2021,RI,1,1267,290,96,881,522,739,6,0,960,307,777,320,5,22,9,134,869,191,62,616,360
156,156,2021,SC,4,3207,504,215,2245,1182,1774,6,2,2871,93,1236,1577,8,22,5,116,1522,206,96,1220,527
157,157,2021,SD,1,817,200,88,529,356,458,1,2,768,49,256,56,7,479,5,14,718,190,60,468,319
158,158,2021,TN,10,6823,765,342,5429,2298,4026,11,20,6195,160,4147,2017,19,28,11,133,2513,308,138,2067,887
159,159,2021,TX,11,17295,2981,1218,13080,6647,10562,54,16,13010,4269,9238,7166,156,173,66,480,8720,1713,527,6480,3483
160,160,2021,UT,3,3565,496,153,1761,1035,1357,10,8,1858,552,1889,252,26,102,44,97,2023,336,122,1565,842
161,161,2021,VA,16,5812,1190,336,4160,2353,3310,17,6,5191,495,2282,2905,108,34,18,339,4760,944,287,3529,1944
162,162,2021,VI,1,177,1,1,175,50,127,0,0,162,15,5,166,2,2,0,2,12,0,0,12,2
163,163,2021,VT,2,2591,360,267,1964,1167,1410,8,6,2480,111,2266,179,25,31,4,86,2500,336,241,1923,1127
164,164,2021,WA,6,11511,2811,907,7793,4957,6436,77,41,9703,1808,6871,2595,184,594,372,895,8303,1587,472,6244,3302
165,165,2021,WI,4,4237,1107,235,2895,1816,2399,15,7,3862,375,2352,1374,27,194,18,272,3183,798,180,2205,1404
166,166,2021,WV,4,1138,100,80,958,438,695,4,1,1115,23,934,140,4,7,3,50,709,80,28,601,286
167,167,2021,WY,1,405,116,32,257,239,165,0,1,375,30,360,8,0,13,10,14,338,110,6,222,218
168,168,2020,AK,2,1949,326,197,1426,828,1114,3,4,1823,126,634,137,22,890,40,226,1347,202,108,1037,577
169,169,2020,AL,8,3351,528,198,2625,1294,1988,9,4,3214,126,1462,1755,2,37,11,73,1421,278,69,1074,628
170,170,2020,AR,4,2366,195,258,1913,798,1561,5,2,2313,53,1353,901,4,42,21,45,912,135,52,725,364
171,171,2020,AS,0,0,0,0,0,0,0,0,0,0,0,0,0,0,0,0,0,0,0,0,0,0
172,172,2020,AZ,3,10979,1722,824,8433,4228,6694,43,14,8624,2355,6901,2289,77,1027,60,625,3483,965,231,2287,1633
173,173,2020,CA,44,161548,16141,13391,132016,53505,105737,1601,705,109582,51966,87439,49610,3240,6386,1784,13089,35966,9127,2265,24574,15942
174,174,2020,CO,4,9846,1364,734,7748,3198,6562,53,33,7565,2281,6411,1808,51,527,136,913,4553,472,277,3804,1363
175,175,2020,CT,2,2905,585,208,2112,1107,1785,6,7,2058,847,1519,1065,16,34,10,261,2141,484,96,1561,862
176,176,2020,DC,1,6380,1432,548,4400,2577,3746,48,9,5823,557,506,5618,38,26,20,172,4526,1152,290,3084,1852
177,177,2020,DE,1,1165,266,71,828,463,701,0,1,1064,101,412,678,3,7,1,64,739,169,43,527,294
178,178,2020,FL,27,27487,4637,1588,21262,9743,17670,52,22,23442,4045,15102,11042,128,328,73,814,9899,2809,633,6457,4437
179,179,2020,GA,9,10234,1667,530,8037,3743,6340,44,107,9714,520,3031,6708,92,64,21,318,3736,903,229,2604,1588
180,180,2020,GU,1,790,291,81,418,357,431,2,0,771,19,21,3,14,1,727,24,101,51,4,46,57
181,181,2020,HI,2,6458,1101,396,4961,2521,3874,36,27,5523,935,1469,295,564,83,2160,1887,1696,398,116,1182,736
182,182,2020,IA,3,2647,535,200,1912,993,1642,9,3,2464,183,1760,596,19,121,9,142,1606,288,105,1213,575
183,183,2020,ID,2,2315,592,149,1574,1035,1276,3,1,1901,414,1904,52,13,230,17,99,992,218,61,713,423
184,184,2020,IL,19,10431,2212,958,7261,4300,6096,32,3,9302,1129,3671,6333,96,82,21,228,5846,1374,391,4081,2547
185,185,2020,IN,2,5625,978,352,4295,2182,3420,16,7,5278,347,3492,1783,37,50,21,242,3496,678,213,2605,1392
186,186,2020,KS,5,2449,407,213,1829,928,1516,3,2,2184,265,1512,553,15,96,2,271,1307,229,73,1005,489
187,187,2020,KY,3,4011,581,268,3162,1607,2393,8,3,3875,136,2826,996,19,22,20,128,2589,462,152,1975,1141
188,188,2020,LA,7,3173,396,275,2502,967,2192,11,3,3085,88,1165,1908,21,29,5,45,1355,285,112,958,532
189,189,2020,MA,13,17975,7092,1404,9479,8891,9039,33,12,11790,6185,9903,6538,198,86,87,1163,14823,6667,1123,7033,7822
190,190,2020,MD,16,6360,1215,346,4799,2568,3753,31,8,5994,366,2211,3755,56,60,26,252,3731,802,234,2695,1707
191,191,2020,ME,1,2097,480,149,1468,940,1143,8,6,2013,84,1631,310,3,48,7,98,1000,247,74,679,439
192,192,2020,MI,20,8638,2239,658,5741,3770,4855,8,5,8154,484,4023,3937,53,100,29,496,5743,1472,355,3916,2455
193,193,2020,MN,10,7940,2140,932,4868,3408,4485,25,22,7295,645,3016,3302,145,795,50,632,4036,1204,278,2554,1722
194,194,2020,MO,8,6527,1482,693,4352,2952,3540,23,12,6201,326,3522,2489,35,87,22,372,3466,939,257,2270,1772
195,195,2020,MP,1,1207,409,117,681,576,631,0,0,1207,0,7,0,438,0,758,4,2,0,0,2,2
196,196,2020,MS,3,1107,165,53,889,395,709,3,0,1089,18,512,554,3,11,5,22,332,79,16,237,164
197,197,2020,MT,1,1545,328,98,1119,630,896,10,9,1398,147,1087,51,4,300,10,93,767,169,40,558,313
198,198,2020,NC,12,9280,1634,561,7085,3614,5646,18,2,8820,460,4060,4757,30,93,20,320,5112,1072,319,3721,2147
199,199,2020,ND,1,541,115,46,380,226,314,1,0,501,40,285,95,1,131,1,28,369,70,19,280,138
200,200,2020,NE,3,2404,463,181,1760,897,1501,6,0,2075,329,1588,543,22,71,15,165,1658,309,97,1252,592
201,201,2020,NH,3,1675,373,118,1184,735,935,5,0,1491,184,1474,98,16,6,7,74,929,196,51,682,387
202,202,2020,NJ,16,9662,2053,717,6892,4030,5614,14,4,7690,1972,3681,5418,58,88,48,369,6030,1523,423,4084,2811
203,203,2020,NM,2,3333,482,221,2630,1197,2103,19,14,2008,1325,2011,227,14,831,38,212,1703,268,60,1375,629
204,204,2020,NV,3,6900,383,549,5968,2050,4839,11,0,5856,1044,4394,1884,128,147,121,226,1873,278,135,1460,671
205,205,2020,NY,24,91271,27968,8199,55104,41881,48905,442,43,60412,30859,21777,62198,937,500,1248,4611,81342,27234,7051,47057,39103
206,206,2020,OH,9,10655,1999,842,7814,4210,6400,43,2,10168,487,5350,4662,54,78,22,489,7276,1561,476,5239,2933
207,207,2020,OK,8,3932,490,305,3137,1402,2500,24,6,3642,290,2451,815,13,411,9,233,2107,305,119,1683,775
208,208,2020,OR,8,14655,2030,944,11681,5443,9072,72,68,13271,1384,11916,839,112,711,167,910,3874,577,224,3073,1520
209,209,2020,PA,16,13375,3048,1000,9327,5388,7910,60,17,11632,1743,5854,6793,65,62,56,545,8244,2038,544,5662,3459
210,210,2020,PR,2,2451,110,79,2262,517,1924,10,0,56,2395,1039,465,3,16,6,922,230,24,10,196,62
211,211,2020,RI,1,1104,238,48,818,431,667,5,1,857,247,656,322,6,24,6,90,742,133,35,574,271
212,212,2020,SC,4,4287,518,256,3513,1579,2699,5,4,4172,115,1887,2160,12,55,6,167,1827,232,90,1505,653
213,213,2020,SD,1,1058,215,83,760,448,607,3,0,977,81,265,65,2,699,0,27,751,205,45,501,342
214,214,2020,TN,10,7256,998,397,5861,2602,4637,14,3,7068,188,4091,2849,29,66,30,191,3241,463,156,2622,1106
215,215,2020,TX,11,27229,4048,1663,21518,10080,17067,61,21,19684,7545,15778,10001,206,346,89,809,10727,2733,636,7358,4768
216,216,2020,UT,3,3131,635,239,2257,1250,1863,14,4,2362,769,2367,332,36,162,58,176,2034,430,123,1481,867
217,217,2020,VA,16,5957,1266,360,4331,2395,3547,12,3,5465,492,2233,3169,98,62,16,379,4269,941,267,3061,1732
218,218,2020,VI,1,304,0,6,298,98,201,0,5,260,44,33,232,0,6,0,33,12,0,0,12,2
219,219,2020,VT,2,1110,216,127,767,498,600,8,4,1069,41,983,62,9,6,4,46,896,197,81,618,419
220,220,2020,WA,6,22923,4115,1913,16895,9426,13094,175,228,19863,3060,13904,3953,332,2544,653,1537,8533,1573,534,6426,3397
221,221,2020,WI,4,4515,1196,293,3026,1887,2615,13,0,4115,400,2426,1572,46,201,15,255,3247,815,207,2225,1381
222,222,2020,WV,4,1341,122,115,1104,522,818,1,0,1311,30,1097,181,3,11,3,46,930,92,63,775,381
223,223,2020,WY,1,612,143,92,377,268,344,0,0,536,76,510,38,0,39,3,22,349,88,40,221,166
224,224,2019,AK,2,1907,335,204,1368,761,1137,6,3,1802,105,667,164,36,764,73,203,1218,192,102,924,482
225,225,2019,AL,8,3261,629,199,2433,1383,1873,3,2,3161,100,1380,1741,7,55,9,69,1503,280,72,1151,684
226,226,2019,AR,5,2717,303,317,2097,1022,1688,4,3,2657,60,1651,902,4,36,24,100,950,162,100,688,437
227,227,2019,AS,0,0,0,0,0,0,0,0,0,0,0,0,0,0,0,0,0,0,0,0,0,0
228,228,2019,AZ,3,10007,1602,708,7697,3683,6297,16,11,7683,2324,6316,1908,48,919,59,757,3437,877,215,2345,1591
229,229,2019,CA,44,151278,14305,12673,124300,50467,98404,1764,643,103759,47519,82164,44086,2606,6797,2177,13448,30723,7546,1882,21295,13538
230,230,2019,CO,3,9619,1458,685,7476,3238,6289,54,38,7410,2209,6251,1678,65,586,100,939,4818,457,287,4074,1475
231,231,2019,CT,2,3033,588,272,2173,1133,1895,4,1,2135,898,1561,1150,15,24,53,230,2116,461,121,1534,840
232,232,2019,DC,1,6521,1606,546,4369,2649,3823,40,9,6205,316,413,5829,32,42,19,186,4679,1314,300,3065,1971
233,233,2019,DE,1,921,220,83,618,373,546,1,1,838,83,372,478,2,4,10,55,606,141,61,404,259
234,234,2019,FL,27,28328,4703,1625,22000,9884,18357,67,20,24632,3696,15580,11575,108,233,92,740,10465,2814,575,7076,4568
235,235,2019,GA,9,10443,1679,642,8122,3765,6610,57,11,9900,543,3175,6804,62,70,17,315,4463,1076,301,3086,1828
236,236,2019,GU,1,875,334,95,446,427,448,0,0,825,50,13,5,31,3,791,32,102,49,5,48,51
237,237,2019,HI,2,6412,1177,323,4912,2591,3778,37,6,5557,855,1445,237,562,42,2013,2113,1587,446,83,1058,716
238,238,2019,IA,3,2315,495,187,1633,917,1395,2,1,2118,197,1531,566,20,91,8,99,1374,261,99,1014,526
239,239,2019,ID,2,2315,473,220,1622,920,1392,0,3,2058,257,1903,73,12,165,33,129,999,193,136,670,386
240,240,2019,IL,19,10199,2355,926,6918,4241,5914,31,13,9167,1032,3579,6218,90,67,21,224,5892,1442,406,4044,2517
241,241,2019,IN,2,5471,1092,327,4052,2205,3246,15,5,5227,244,3289,1932,25,44,18,163,3598,759,218,2621,1494
242,242,2019,KS,5,2381,383,150,1848,932,1445,1,3,2135,246,1518,526,18,116,24,179,1377,217,98,1062,548
243,243,2019,KY,3,4079,629,308,3142,1584,2492,3,0,3932,147,2867,959,11,23,5,214,2778,502,185,2091,1161
244,244,2019,LA,7,2941,375,182,2384,867,2058,9,7,2860,81,1137,1706,7,34,7,50,1300,233,73,994,496
245,245,2019,MA,15,18471,7357,1540,9574,9118,9311,28,14,11091,7380,9679,6436,164,125,91,1976,15631,6885,1275,7471,8116
246,246,2019,MD,16,6561,1214,399,4948,2490,4047,22,2,6292,269,2385,3778,46,45,26,281,3643,739,206,2698,1519
247,247,2019,ME,1,2106,541,147,1418,995,1094,13,4,2006,100,1581,375,9,43,6,92,1105,276,70,759,483
248,248,2019,MI,21,8575,2231,712,5632,3532,5026,13,4,7989,586,3740,4286,41,95,13,400,6040,1500,424,4116,2415
249,249,2019,MN,10,7977,2157,900,4920,3554,4385,29,9,7396,581,2785,3453,109,940,57,633,4277,1206,291,2780,1867
250,250,2019,MO,8,6179,1359,545,4275,2696,3451,20,12,5872,307,3164,2568,29,74,25,319,3847,899,212,2736,1720
251,251,2019,MP,1,1807,586,191,1030,837,970,0,0,1807,0,1,1,494,0,1281,30,20,1,2,17,3
252,252,2019,MS,3,1184,152,55,977,417,752,0,15,1156,28,561,574,6,6,1,36,415,85,21,309,173
253,253,2019,MT,1,1357,250,111,996,555,793,4,5,1211,146,905,36,8,234,12,162,755,162,46,547,327
254,254,2019,NC,12,9314,1553,532,7229,3576,5716,12,10,8903,411,3992,4832,31,94,19,346,5495,1032,328,4135,2230
255,255,2019,ND,1,557,127,74,356,178,378,1,0,475,82,322,90,1,101,7,36,391,70,60,261,117
256,256,2019,NE,3,2365,423,185,1757,866,1494,4,1,2104,261,1580,546,13,73,4,149,1534,196,97,1241,471
257,257,2019,NH,3,1396,352,117,927,626,758,3,9,1231,165,1172,100,9,5,6,104,822,186,58,578,357
258,258,2019,NJ,16,8862,1831,714,6317,3579,5264,17,2,7071,1791,3545,4913,65,77,51,211,5534,1315,438,3781,2447
259,259,2019,NM,2,3241,515,217,2509,1278,1930,19,14,1879,1362,1842,192,17,842,27,321,1616,315,52,1249,715
260,260,2019,NV,3,7169,656,1025,5488,2095,5042,31,1,6221,948,4297,2210,144,185,59,274,2408,312,99,1997,761
261,261,2019,NY,27,92091,28985,8444,54662,42980,48685,401,25,61457,30634,20931,64450,1133,370,949,4258,82967,28226,7548,47193,40225
262,262,2019,OH,9,10345,2135,853,7357,4131,6185,26,3,9956,389,5180,4606,26,42,16,475,7382,1659,485,5238,2994
263,263,2019,OK,8,3944,549,327,3068,1351,2578,7,8,3670,274,2428,752,15,482,19,248,2176,333,143,1700,802
264,264,2019,OR,7,15876,2645,1116,12115,6187,9551,77,61,14309,1567,12839,896,82,777,195,1087,3748,585,221,2942,1558
265,265,2019,PA,16,13199,3020,1079,9100,5373,7776,32,18,11647,1552,5711,6851,55,53,50,479,8053,1950,580,5523,3449
266,266,2019,PR,2,2535,110,85,2340,533,1990,11,1,58,2477,1080,462,4,19,4,966,300,19,11,270,76
267,267,2019,RI,1,1055,197,39,819,358,690,7,0,799,256,655,309,8,17,4,62,743,124,29,590,242
268,268,2019,SC,4,4172,520,263,3389,1520,2647,2,3,4052,120,1793,2160,14,36,10,159,1820,226,85,1509,656
269,269,2019,SD,1,995,188,72,735,389,605,1,0,945,50,285,75,3,609,0,23,681,168,36,477,299
270,270,2019,TN,10,7467,1170,421,5876,2823,4632,10,2,7265,202,4268,2886,22,56,16,219,3240,453,140,2647,1147
271,271,2019,TX,11,25848,4249,1523,20076,9404,16361,66,17,18884,6964,14984,9622,202,245,77,718,10950,2803,620,7527,4860
272,272,2019,UT,3,2798,565,190,2043,1108,1673,12,5,2190,608,2159,276,41,131,77,114,1971,407,110,1454,819
273,273,2019,VA,16,5783,1346,367,4070,2318,3452,9,4,5313,470,2208,3100,97,41,11,326,4179,1001,253,2925,1724
274,274,2019,VI,1,314,0,6,308,73,236,0,5,270,44,46,228,0,6,0,34,26,0,0,26,3
275,275,2019,VT,2,1089,251,136,702,461,616,9,3,1047,42,925,85,19,8,1,51,841,228,88,525,387
276,276,2019,WA,6,21577,3557,2123,15897,8820,12190,246,321,18506,3071,12590,4436,510,1751,635,1655,8378,1720,599,6059,3335
277,277,2019,WI,4,4538,1303,286,2949,1947,2578,9,4,4124,414,2545,1393,42,234,4,320,3067,850,183,2034,1341
278,278,2019,WV,4,1397,153,94,1150,529,868,0,0,1362,35,1161,190,8,6,2,30,1023,115,63,845,396
279,279,2019,WY,1,548,81,69,398,172,376,0,0,481,67,456,31,0,29,3,29,264,20,23,221,70
280,280,2018,AK,2,1907,335,204,1368,761,1137,6,3,1802,105,667,164,36,764,73,203,1218,192,102,924,482
281,281,2018,AL,8,3261,629,199,2433,1383,1873,3,2,3161,100,1380,1741,7,55,9,69,1503,280,72,1151,684
282,282,2018,AR,5,2717,303,317,2097,1022,1688,4,3,2657,60,1651,902,4,36,24,100,950,162,100,688,437
283,283,2018,AS,0,0,0,0,0,0,0,0,0,0,0,0,0,0,0,0,0,0,0,0,0,0
284,284,2018,AZ,3,10007,1602,708,7697,3683,6297,16,11,7683,2324,6316,1908,48,919,59,757,3437,877,215,2345,1591
285,285,2018,CA,44,151278,14305,12673,124300,50467,98404,1764,643,103759,47519,82164,44086,2606,6797,2177,13448,30723,7546,1882,21295,13538
286,286,2018,CO,3,9619,1458,685,7476,3238,6289,54,38,7410,2209,6251,1678,65,586,100,939,4818,457,287,4074,1475
287,287,2018,CT,2,3033,588,272,2173,1133,1895,4,1,2135,898,1561,1150,15,24,53,230,2116,461,121,1534,840
288,288,2018,DC,1,6521,1606,546,4369,2649,3823,40,9,6205,316,413,5829,32,42,19,186,4679,1314,300,3065,1971
289,289,2018,DE,1,921,220,83,618,373,546,1,1,838,83,372,478,2,4,10,55,606,141,61,404,259
290,290,2018,FL,27,28328,4703,1625,22000,9884,18357,67,20,24632,3696,15580,11575,108,233,92,740,10465,2814,575,7076,4568
291,291,2018,GA,9,10443,1679,642,8122,3765,6610,57,11,9900,543,3175,6804,62,70,17,315,4463,1076,301,3086,1828
292,292,2018,GU,1,875,334,95,446,427,448,0,0,825,50,13,5,31,3,791,32,102,49,5,48,51
293,293,2018,HI,2,6412,1177,323,4912,2591,3778,37,6,5557,855,1445,237,562,42,2013,2113,1587,446,83,1058,716
294,294,2018,IA,3,2315,495,187,1633,917,1395,2,1,2118,197,1531,566,20,91,8,99,1374,261,99,1014,526
295,295,2018,ID,2,2315,473,220,1622,920,1392,0,3,2058,257,1903,73,12,165,33,129,999,193,136,670,386
296,296,2018,IL,19,10199,2355,926,6918,4241,5914,31,13,9167,1032,3579,6218,90,67,21,224,5892,1442,406,4044,2517
297,297,2018,IN,2,5471,1092,327,4052,2205,3246,15,5,5227,244,3289,1932,25,44,18,163,3598,759,218,2621,1494
298,298,2018,KS,5,2381,383,150,1848,932,1445,1,3,2135,246,1518,526,18,116,24,179,1377,217,98,1062,548
299,299,2018,KY,3,4079,629,308,3142,1584,2492,3,0,3932,147,2867,959,11,23,5,214,2778,502,185,2091,1161
300,300,2018,LA,7,2941,375,182,2384,867,2058,9,7,2860,81,1137,1706,7,34,7,50,1300,233,73,994,496
301,301,2018,MA,15,18471,7357,1540,9574,9118,9311,28,14,11091,7380,9679,6436,164,125,91,1976,15631,6885,1275,7471,8116
302,302,2018,MD,16,6561,1214,399,4948,2490,4047,22,2,6292,269,2385,3778,46,45,26,281,3643,739,206,2698,1519
303,303,2018,ME,1,2106,541,147,1418,995,1094,13,4,2006,100,1581,375,9,43,6,92,1105,276,70,759,483
304,304,2018,MI,21,8575,2231,712,5632,3532,5026,13,4,7989,586,3740,4286,41,95,13,400,6040,1500,424,4116,2415
305,305,2018,MN,10,7977,2157,900,4920,3554,4385,29,9,7396,581,2785,3453,109,940,57,633,4277,1206,291,2780,1867
306,306,2018,MO,8,6179,1359,545,4275,2696,3451,20,12,5872,307,3164,2568,29,74,25,319,3847,899,212,2736,1720
307,307,2018,MP,1,1807,586,191,1030,837,970,0,0,1807,0,1,1,494,0,1281,30,20,1,2,17,3
308,308,2018,MS,3,1184,152,55,977,417,752,0,15,1156,28,561,574,6,6,1,36,415,85,21,309,173
309,309,2018,MT,1,1357,250,111,996,555,793,4,5,1211,146,905,36,8,234,12,162,755,162,46,547,327
310,310,2018,NC,12,9314,1553,532,7229,3576,5716,12,10,8903,411,3992,4832,31,94,19,346,5495,1032,328,4135,2230
311,311,2018,ND,1,557,127,74,356,178,378,1,0,475,82,322,90,1,101,7,36,391,70,60,261,117
312,312,2018,NE,3,2365,423,185,1757,866,1494,4,1,2104,261,1580,546,13,73,4,149,1534,196,97,1241,471
313,313,2018,NH,3,1396,352,117,927,626,758,3,9,1231,165,1172,100,9,5,6,104,822,186,58,578,357
314,314,2018,NJ,16,8862,1831,714,6317,3579,5264,17,2,7071,1791,3545,4913,65,77,51,211,5534,1315,438,3781,2447
315,315,2018,NM,2,3241,515,217,2509,1278,1930,19,14,1879,1362,1842,192,17,842,27,321,1616,315,52,1249,715
316,316,2018,NV,3,7169,656,1025,5488,2095,5042,31,1,6221,948,4297,2210,144,185,59,274,2408,312,99,1997,761
317,317,2018,NY,27,92091,28985,8444,54662,42980,48685,401,25,61457,30634,20931,64450,1133,370,949,4258,82967,28226,7548,47193,40225
318,318,2018,OH,9,10345,2135,853,7357,4131,6185,26,3,9956,389,5180,4606,26,42,16,475,7382,1659,485,5238,2994
319,319,2018,OK,8,3944,549,327,3068,1351,2578,7,8,3670,274,2428,752,15,482,19,248,2176,333,143,1700,802
320,320,2018,OR,7,15876,2645,1116,12115,6187,9551,77,61,14309,1567,12839,896,82,777,195,1087,3748,585,221,2942,1558
321,321,2018,PA,16,13199,3020,1079,9100,5373,7776,32,18,11647,1552,5711,6851,55,53,50,479,8053,1950,580,5523,3449
322,322,2018,PR,2,2535,110,85,2340,533,1990,11,1,58,2477,1080,462,4,19,4,966,300,19,11,270,76
323,323,2018,RI,1,1055,197,39,819,358,690,7,0,799,256,655,309,8,17,4,62,743,124,29,590,242
324,324,2018,SC,4,4172,520,263,3389,1520,2647,2,3,4052,120,1793,2160,14,36,10,159,1820,226,85,1509,656
325,325,2018,SD,1,995,188,72,735,389,605,1,0,945,50,285,75,3,609,0,23,681,168,36,477,299
326,326,2018,TN,10,7467,1170,421,5876,2823,4632,10,2,7265,202,4268,2886,22,56,16,219,3240,453,140,2647,1147
327,327,2018,TX,11,25848,4249,1523,20076,9404,16361,66,17,18884,6964,14984,9622,202,245,77,718,10950,2803,620,7527,4860
328,328,2018,UT,3,2798,565,190,2043,1108,1673,12,5,2190,608,2159,276,41,131,77,114,1971,407,110,1454,819
329,329,2018,VA,16,5783,1346,367,4070,2318,3452,9,4,5313,470,2208,3100,97,41,11,326,4179,1001,253,2925,1724
330,330,2018,VI,1,314,0,6,308,73,236,0,5,270,44,46,228,0,6,0,34,26,0,0,26,3
331,331,2018,VT,2,1089,251,136,702,461,616,9,3,1047,42,925,85,19,8,1,51,841,228,88,525,387
332,332,2018,WA,6,21577,3557,2123,15897,8820,12190,246,321,18506,3071,12590,4436,510,1751,635,1655,8378,1720,599,6059,3335
333,333,2018,WI,4,4538,1303,286,2949,1947,2578,9,4,4124,414,2545,1393,42,234,4,320,3067,850,183,2034,1341
334,334,2018,WV,4,1397,153,94,1150,529,868,0,0,1362,35,1161,190,8,6,2,30,1023,115,63,845,396
335,335,2018,WY,1,548,81,69,398,172,376,0,0,481,67,456,31,0,29,3,29,264,20,23,221,70
336,336,2017,AK,2,1845,305,186,1354,765,1075,4,1,1743,102,641,147,20,770,69,198,1017,145,101,771,416
337,337,2017,AL,8,3793,528,300,2965,1314,2453,21,5,3721,72,1587,2064,9,21,1,111,1644,324,117,1203,634
338,338,2017,AR,6,2467,265,209,1993,965,1499,3,0,2405,62,1447,892,9,24,7,88,915,163,57,695,414
339,339,2017,AS,0,0,0,0,0,0,0,0,0,0,0,0,0,0,0,0,0,0,0,0,0,0
340,340,2017,AZ,3,8947,1607,660,6680,3331,5592,22,2,6876,2071,6086,1611,51,704,46,449,3841,875,271,2695,1716
341,341,2017,CA,43,131532,14207,13276,104049,42750,87609,793,380,90040,41492,68784,42282,2490,5663,1459,10854,26854,6721,1687,18446,11600
342,342,2017,CO,3,10940,2164,913,7863,4014,6866,37,23,8142,2798,7778,1788,51,546,45,732,4135,489,298,3348,1303
343,343,2017,CT,2,3388,736,259,2393,1313,2054,8,13,2415,973,1752,1343,34,22,43,194,2249,498,145,1606,909
344,344,2017,DC,1,7473,2286,682,4505,3226,4209,36,2,6979,494,481,6712,40,25,21,194,5363,1971,461,2931,2460
345,345,2017,DE,1,994,240,69,685,431,562,1,0,912,82,398,544,4,1,5,42,564,135,37,392,234
346,346,2017,FL,27,32190,5624,2599,23967,11311,20721,78,80,27442,4748,18593,11954,122,278,109,1134,10732,2850,679,7203,4669
347,347,2017,GA,9,10174,1646,697,7831,3878,6239,53,4,9752,422,2805,6902,37,73,19,338,3821,876,301,2644,1711
348,348,2017,GU,1,852,350,84,418,409,442,1,0,813,39,15,3,39,0,762,33,87,47,4,36,52
349,349,2017,HI,2,7220,1575,497,5148,2951,4241,23,5,6255,965,1594,255,656,106,2901,1708,1341,355,79,907,595
350,350,2017,IA,3,2756,829,240,1687,1186,1565,4,1,2551,205,1654,795,19,74,13,201,1373,280,114,979,478
351,351,2017,ID,2,2037,443,153,1441,809,1221,6,1,1769,268,1795,75,17,60,15,75,1003,215,77,711,384
352,352,2017,IL,20,10798,2455,1106,7237,4391,6372,31,4,9739,1059,3916,6375,78,68,20,341,4160,703,358,3099,1627
353,353,2017,IN,2,5438,1177,355,3906,2204,3226,8,0,5205,233,3283,1877,30,44,20,184,3368,735,226,2407,1433
354,354,2017,KS,5,2287,553,138,1596,937,1346,1,3,1953,334,1514,489,13,104,11,156,1277,283,60,934,513
355,355,2017,KY,3,4025,616,331,3078,1509,2507,9,0,3917,108,2829,1009,18,18,2,149,2174,363,168,1643,904
356,356,2017,LA,8,3305,527,238,2540,1054,2233,14,4,3203,102,1267,1921,12,28,11,66,1326,325,114,887,505
357,357,2017,MA,15,17565,6465,1510,9590,8558,8975,26,6,11034,6531,10006,5830,173,82,80,1394,14301,5962,1259,7080,7363
358,358,2017,MD,16,7247,1370,422,5455,2727,4505,12,3,6842,405,2479,4341,40,54,22,311,3557,780,206,2571,1467
359,359,2017,ME,1,2280,590,191,1499,1038,1226,12,4,2192,88,1853,284,11,38,10,84,993,188,96,709,421
360,360,2017,MI,21,9051,2340,782,5929,3723,5314,13,1,8554,497,3826,4693,22,112,5,393,5656,1442,420,3794,2332
361,361,2017,MN,10,7668,2590,1103,3975,3617,4029,17,5,7104,564,2685,3296,110,1018,16,543,3620,1093,293,2234,1592
362,362,2017,MO,8,6037,1537,643,3857,2786,3226,18,7,5746,291,3063,2561,20,74,11,308,3133,882,227,2024,1559
363,363,2017,MP,1,672,185,68,419,314,358,0,0,671,1,0,0,159,0,513,0,24,10,0,14,8
364,364,2017,MS,3,1472,252,60,1160,573,891,1,7,1461,11,611,811,4,29,0,17,421,139,23,259,203
365,365,2017,MT,1,1529,340,124,1065,624,898,4,3,1408,121,992,33,4,354,9,137,748,150,55,543,311
366,366,2017,NC,12,8962,1883,571,6508,3567,5380,9,6,8444,518,3745,4553,37,190,17,420,4893,1168,333,3392,2093
367,367,2017,ND,1,1089,178,84,827,272,811,2,4,1046,43,367,127,6,226,0,363,584,46,18,520,84
368,368,2017,NE,3,2501,501,225,1775,918,1580,3,0,2237,264,1664,579,20,122,4,112,1608,289,100,1219,533
369,369,2017,NH,3,1456,389,126,941,646,805,3,2,1320,136,1266,77,11,5,0,97,764,161,51,552,315
370,370,2017,NJ,16,8536,1945,761,5830,3442,5074,17,3,6750,1786,3526,4621,75,96,38,180,5264,1395,469,3400,2315
371,371,2017,NM,2,2482,471,130,1881,897,1545,19,21,1446,1036,1513,142,10,651,9,157,1254,268,47,939,474
372,372,2017,NV,3,7833,608,1936,5289,2273,5536,23,1,6770,1063,4610,2326,182,225,75,415,2270,261,89,1920,687
373,373,2017,NY,26,89503,30098,9111,50294,42528,46643,321,11,60095,29408,19894,61463,1056,729,1191,5170,79149,29084,8013,42052,39490
374,374,2017,OH,9,10095,2234,858,7003,3998,6067,23,7,9720,375,4933,4562,26,49,23,502,6759,1599,506,4654,2773
375,375,2017,OK,8,4199,867,378,2954,1702,2485,10,2,3892,307,2594,767,8,577,17,236,2385,504,190,1691,1018
376,376,2017,OR,7,13953,2636,1160,10157,5493,8368,67,25,12444,1509,11326,832,79,588,175,953,3767,596,291,2880,1635
377,377,2017,PA,16,14138,3755,1260,9123,5999,8063,66,10,12696,1442,5864,7450,77,47,39,661,7524,2004,585,4935,3187
378,378,2017,PR,2,3525,218,199,3108,841,2676,5,3,77,3448,1612,633,2,17,11,1250,396,27,27,342,99
379,379,2017,RI,1,1180,236,78,866,430,743,7,0,917,263,762,309,8,16,3,82,807,117,54,636,265
380,380,2017,SC,4,3916,642,227,3047,1451,2453,10,2,3828,88,1532,2205,8,32,4,135,1619,246,88,1285,637
381,381,2017,SD,1,943,215,62,666,412,529,2,0,901,42,310,44,3,563,8,15,590,151,39,400,284
382,382,2017,TN,10,8309,1364,543,6402,3256,5043,7,3,8092,217,4775,3205,34,61,6,228,3896,781,214,2901,1433
383,383,2017,TX,11,23548,4286,1750,17512,8861,14546,47,94,16942,6606,13076,8928,253,325,68,898,10545,2468,664,7413,4517
384,384,2017,UT,3,2852,637,203,2012,1083,1762,7,0,2210,642,2202,282,27,159,47,135,2165,528,133,1504,842
385,385,2017,VA,16,6067,1299,415,4353,2315,3738,9,5,5516,551,2417,3241,84,32,22,271,3861,840,264,2757,1547
386,386,2017,VI,1,381,9,5,367,73,298,0,10,332,49,54,311,1,5,3,7,39,9,2,28,13
387,387,2017,VT,2,1225,306,142,777,561,657,5,2,1165,60,1093,79,7,6,2,38,843,228,86,529,425
388,388,2017,WA,7,21112,4109,2296,14707,8220,12631,154,107,18260,2852,12340,4167,321,1285,484,2515,7448,1571,490,5387,2864
389,389,2017,WI,4,5027,1546,431,3050,2267,2746,12,2,4635,392,2753,1643,69,195,13,354,3062,886,228,1948,1358
390,390,2017,WV,4,1309,166,87,1056,462,846,1,0,1288,21,1062,214,2,5,3,23,920,111,72,737,344
391,391,2017,WY,1,873,129,59,685,300,570,3,0,767,106,651,43,2,145,8,24,321,13,17,291,81
392,392,2016,AK,2,1845,305,186,1354,765,1075,4,1,1743,102,641,147,20,770,69,198,1017,145,101,771,416
393,393,2016,AL,8,3793,528,300,2965,1314,2453,21,5,3721,72,1587,2064,9,21,1,111,1644,324,117,1203,634
394,394,2016,AR,6,2467,265,209,1993,965,1499,3,0,2405,62,1447,892,9,24,7,88,915,163,57,695,414
395,395,2016,AS,0,0,0,0,0,0,0,0,0,0,0,0,0,0,0,0,0,0,0,0,0,0
396,396,2016,AZ,3,8947,1607,660,6680,3331,5592,22,2,6876,2071,6086,1611,51,704,46,449,3841,875,271,2695,1716
397,397,2016,CA,43,131532,14207,13276,104049,42750,87609,793,380,90040,41492,68784,42282,2490,5663,1459,10854,26854,6721,1687,18446,11600
398,398,2016,CO,3,10940,2164,913,7863,4014,6866,37,23,8142,2798,7778,1788,51,546,45,732,4135,489,298,3348,1303
399,399,2016,CT,2,3388,736,259,2393,1313,2054,8,13,2415,973,1752,1343,34,22,43,194,2249,498,145,1606,909
400,400,2016,DC,1,7473,2286,682,4505,3226,4209,36,2,6979,494,481,6712,40,25,21,194,5363,1971,461,2931,2460
401,401,2016,DE,1,994,240,69,685,431,562,1,0,912,82,398,544,4,1,5,42,564,135,37,392,234
402,402,2016,FL,27,32190,5624,2599,23967,11311,20721,78,80,27442,4748,18593,11954,122,278,109,1134,10732,2850,679,7203,4669
403,403,2016,GA,9,10174,1646,697,7831,3878,6239,53,4,9752,422,2805,6902,37,73,19,338,3821,876,301,2644,1711
404,404,2016,GU,1,852,350,84,418,409,442,1,0,813,39,15,3,39,0,762,33,87,47,4,36,52
405,405,2016,HI,2,7220,1575,497,5148,2951,4241,23,5,6255,965,1594,255,656,106,2901,1708,1341,355,79,907,595
406,406,2016,IA,3,2756,829,240,1687,1186,1565,4,1,2551,205,1654,795,19,74,13,201,1373,280,114,979,478
407,407,2016,ID,2,2037,443,153,1441,809,1221,6,1,1769,268,1795,75,17,60,15,75,1003,215,77,711,384
408,408,2016,IL,20,10798,2455,1106,7237,4391,6372,31,4,9739,1059,3916,6375,78,68,20,341,4160,703,358,3099,1627
409,409,2016,IN,2,5438,1177,355,3906,2204,3226,8,0,5205,233,3283,1877,30,44,20,184,3368,735,226,2407,1433
410,410,2016,KS,5,2287,553,138,1596,937,1346,1,3,1953,334,1514,489,13,104,11,156,1277,283,60,934,513
411,411,2016,KY,3,4025,616,331,3078,1509,2507,9,0,3917,108,2829,1009,18,18,2,149,2174,363,168,1643,904
412,412,2016,LA,8,3305,527,238,2540,1054,2233,14,4,3203,102,1267,1921,12,28,11,66,1326,325,114,887,505
413,413,2016,MA,15,17565,6465,1510,9590,8558,8975,26,6,11034,6531,10006,5830,173,82,80,1394,14301,5962,1259,7080,7363
414,414,2016,MD,16,7247,1370,422,5455,2727,4505,12,3,6842,405,2479,4341,40,54,22,311,3557,780,206,2571,1467
415,415,2016,ME,1,2280,590,191,1499,1038,1226,12,4,2192,88,1853,284,11,38,10,84,993,188,96,709,421
416,416,2016,MI,21,9051,2340,782,5929,3723,5314,13,1,8554,497,3826,4693,22,112,5,393,5656,1442,420,3794,2332
417,417,2016,MN,10,7668,2590,1103,3975,3617,4029,17,5,7104,564,2685,3296,110,1018,16,543,3620,1093,293,2234,1592
418,418,2016,MO,8,6037,1537,643,3857,2786,3226,18,7,5746,291,3063,2561,20,74,11,308,3133,882,227,2024,1559
419,419,2016,MP,1,672,185,68,419,314,358,0,0,671,1,0,0,159,0,513,0,24,10,0,14,8
420,420,2016,MS,3,1472,252,60,1160,573,891,1,7,1461,11,611,811,4,29,0,17,421,139,23,259,203
421,421,2016,MT,1,1529,340,124,1065,624,898,4,3,1408,121,992,33,4,354,9,137,748,150,55,543,311
422,422,2016,NC,12,8962,1883,571,6508,3567,5380,9,6,8444,518,3745,4553,37,190,17,420,4893,1168,333,3392,2093
423,423,2016,ND,1,1089,178,84,827,272,811,2,4,1046,43,367,127,6,226,0,363,584,46,18,520,84
424,424,2016,NE,3,2501,501,225,1775,918,1580,3,0,2237,264,1664,579,20,122,4,112,1608,289,100,1219,533
425,425,2016,NH,3,1456,389,126,941,646,805,3,2,1320,136,1266,77,11,5,0,97,764,161,51,552,315
426,426,2016,NJ,16,8536,1945,761,5830,3442,5074,17,3,6750,1786,3526,4621,75,96,38,180,5264,1395,469,3400,2315
427,427,2016,NM,2,2482,471,130,1881,897,1545,19,21,1446,1036,1513,142,10,651,9,157,1254,268,47,939,474
428,428,2016,NV,3,7833,608,1936,5289,2273,5536,23,1,6770,1063,4610,2326,182,225,75,415,2270,261,89,1920,687
429,429,2016,NY,26,89503,30098,9111,50294,42528,46643,321,11,60095,29408,19894,61463,1056,729,1191,5170,79149,29084,8013,42052,39490
430,430,2016,OH,9,10095,2234,858,7003,3998,6067,23,7,9720,375,4933,4562,26,49,23,502,6759,1599,506,4654,2773
431,431,2016,OK,8,4199,867,378,2954,1702,2485,10,2,3892,307,2594,767,8,577,17,236,2385,504,190,1691,1018
432,432,2016,OR,7,13953,2636,1160,10157,5493,8368,67,25,12444,1509,11326,832,79,588,175,953,3767,596,291,2880,1635
433,433,2016,PA,16,14138,3755,1260,9123,5999,8063,66,10,12696,1442,5864,7450,77,47,39,661,7524,2004,585,4935,3187
434,434,2016,PR,2,3525,218,199,3108,841,2676,5,3,77,3448,1612,633,2,17,11,1250,396,27,27,342,99
435,435,2016,RI,1,1180,236,78,866,430,743,7,0,917,263,762,309,8,16,3,82,807,117,54,636,265
436,436,2016,SC,4,3916,642,227,3047,1451,2453,10,2,3828,88,1532,2205,8,32,4,135,1619,246,88,1285,637
437,437,2016,SD,1,943,215,62,666,412,529,2,0,901,42,310,44,3,563,8,15,590,151,39,400,284
438,438,2016,TN,10,8309,1364,543,6402,3256,5043,7,3,8092,217,4775,3205,34,61,6,228,3896,781,214,2901,1433
439,439,2016,TX,11,23548,4286,1750,17512,8861,14546,47,94,16942,6606,13076,8928,253,325,68,898,10545,2468,664,7413,4517
440,440,2016,UT,3,2852,637,203,2012,1083,1762,7,0,2210,642,2202,282,27,159,47,135,2165,528,133,1504,842
441,441,2016,VA,16,6067,1299,415,4353,2315,3738,9,5,5516,551,2417,3241,84,32,22,271,3861,840,264,2757,1547
442,442,2016,VI,1,381,9,5,367,73,298,0,10,332,49,54,311,1,5,3,7,39,9,2,28,13
443,443,2016,VT,2,1225,306,142,777,561,657,5,2,1165,60,1093,79,7,6,2,38,843,228,86,529,425
444,444,2016,WA,7,21112,4109,2296,14707,8220,12631,154,107,18260,2852,12340,4167,321,1285,484,2515,7448,1571,490,5387,2864
445,445,2016,WI,4,5027,1546,431,3050,2267,2746,12,2,4635,392,2753,1643,69,195,13,354,3062,886,228,1948,1358
446,446,2016,WV,4,1309,166,87,1056,462,846,1,0,1288,21,1062,214,2,5,3,23,920,111,72,737,344
447,447,2016,WY,1,873,129,59,685,300,570,3,0,767,106,651,43,2,145,8,24,321,13,17,291,81
448,448,2015,AK,2,1956,411,197,1348,773,1181,2,1862,94,745,144,18,883,62,104,1127,243,101,783,449,677
449,449,2015,AL,8,3970,716,271,2983,1532,2427,11,3901,69,1813,2090,5,19,1,42,1574,286,114,1174,647,924
450,450,2015,AR,7,2560,417,243,1900,978,1582,0,2143,417,1543,903,7,32,29,46,1161,254,77,830,464,697
451,451,2015,AS,0,0,0,0,0,0,0,0,0,0,0,0,0,0,0,0,0,0,0,0,0,0
452,452,2015,AZ,3,9896,2124,824,6948,3966,5916,14,7516,2380,6697,1761,57,849,57,475,3395,829,231,2335,1486,1905
453,453,2015,CA,43,115738,13657,11645,90436,38676,76545,517,84183,31555,64340,32262,2146,4762,1225,11003,22750,4918,1473,16359,9412,13253
454,454,2015,CO,3,9953,2528,808,6617,3923,6012,18,7006,2947,6638,1948,90,477,34,766,3782,672,276,2834,1268,2504
455,455,2015,CT,3,4047,827,234,2986,1505,2535,7,2923,1124,2164,1570,38,50,124,101,2418,511,127,1780,925,1489
456,456,2015,DC,1,7298,2056,736,4506,3087,4198,13,6914,384,443,6595,62,28,12,158,5085,1453,498,3134,2062,3016
457,457,2015,DE,1,953,227,81,645,400,553,0,899,54,369,513,3,11,3,54,529,108,36,385,199,330
458,458,2015,FL,27,35900,6539,2451,26910,12719,23122,59,30912,4988,20921,13165,122,376,112,1204,9894,2255,679,6960,3936,5951
459,459,2015,GA,9,13790,2500,812,10478,4878,8882,30,13089,701,4307,8955,40,30,51,407,3984,859,271,2854,1589,2381
460,460,2015,GU,1,1280,520,123,637,609,671,0,1274,6,11,4,46,1,1191,27,73,40,6,27,38,35
461,461,2015,HI,2,7620,1918,531,5171,3174,4426,20,6679,941,1852,263,477,95,2978,1955,1257,426,82,749,583,672
462,462,2015,IA,3,3081,1030,318,1733,1409,1668,4,2833,248,1972,803,16,68,17,205,1225,273,135,817,461,761
463,463,2015,ID,2,1966,484,160,1322,840,1123,3,1729,237,1733,69,11,109,16,28,790,181,81,528,361,428
464,464,2015,IL,20,13177,3187,1349,8641,5291,7866,20,11378,1799,4690,7798,100,53,20,516,4684,813,473,3398,1822,2854
465,465,2015,IN,3,5863,1261,492,4110,2359,3497,7,5647,216,3496,2085,17,44,16,205,3082,644,281,2157,1276,1803
466,466,2015,KS,5,2588,705,175,1708,1132,1453,3,2320,268,1664,639,12,108,8,157,1353,315,80,958,572,778
467,467,2015,KY,3,4538,861,352,3325,1706,2823,9,4403,135,3088,1193,7,38,15,197,2281,377,137,1767,776,1500
468,468,2015,LA,9,4081,581,443,3057,1373,2694,14,3982,99,1536,2395,21,50,14,65,1306,264,143,899,481,821
469,469,2015,MA,16,21135,8583,2047,10505,10602,10528,5,13720,7415,11922,7175,206,100,144,1588,17444,7828,1768,7848,9057,8384
470,470,2015,MD,16,8390,1908,664,5818,3245,5139,6,7887,503,3016,4920,58,53,36,307,3953,882,352,2719,1609,2343
471,471,2015,ME,2,2372,637,245,1490,1145,1218,9,2297,75,2036,213,6,25,8,84,1085,230,126,729,467,611
472,472,2015,MI,21,10516,2686,1224,6606,4309,6203,4,9986,530,4612,5343,29,79,22,431,5393,1235,588,3570,2157,3236
473,473,2015,MN,10,7546,2607,993,3946,3693,3826,27,6937,609,2641,3466,117,663,29,630,3764,1115,426,2223,1676,2079
474,474,2015,MO,8,6482,1903,678,3901,3051,3430,1,6229,253,3550,2565,21,41,26,279,3379,1058,263,2058,1743,1636
475,475,2015,MP,0,0,0,0,0,0,0,0,0,0,0,0,0,0,0,0,0,0,0,0,0,0
476,476,2015,MS,3,1983,340,105,1538,761,1222,0,1962,21,577,1372,2,10,14,8,523,115,19,389,217,306
477,477,2015,MT,1,1709,374,225,1110,711,996,2,1579,130,1281,38,0,321,5,64,535,121,40,374,261,274
478,478,2015,NC,12,10685,2295,841,7549,4185,6487,13,10147,538,4494,5711,57,173,17,233,5672,1142,459,4071,2263,3403
479,479,2015,ND,1,1305,265,152,888,456,843,6,1215,90,774,232,16,184,5,94,640,127,55,458,200,440
480,480,2015,NE,3,2744,635,292,1817,1012,1722,10,2347,397,1831,586,25,119,16,167,1493,301,94,1098,481,1002
481,481,2015,NH,3,1445,382,142,921,616,826,3,1325,120,1312,64,6,2,1,60,770,167,65,538,304,466
482,482,2015,NJ,16,10098,2404,1074,6620,4156,5930,12,8279,1819,4336,5562,97,23,34,46,6877,1746,723,4408,2973,3896
483,483,2015,NM,2,2629,701,205,1723,1086,1537,6,1517,1112,1728,213,12,587,17,72,1387,311,89,987,520,866
484,484,2015,NV,3,8743,1395,1573,5775,2837,5901,5,7329,1414,4605,3213,235,187,73,430,3251,465,217,2569,1163,2085
485,485,2015,NY,27,88250,31005,8944,48301,41697,46412,141,60227,28023,21705,60103,879,822,1368,3373,75646,29102,7695,38849,37612,37915
486,486,2015,OH,9,11182,2241,1082,7859,4349,6817,16,10799,383,5532,5084,35,59,18,454,6942,1424,634,4884,2813,4119
487,487,2015,OK,8,3777,691,467,2619,1535,2237,5,3528,249,2458,732,7,411,11,158,2309,411,254,1644,1004,1302
488,488,2015,OR,7,13226,2545,1228,9453,5197,7977,52,11681,1545,10704,847,133,599,164,779,3214,497,259,2458,1296,1903
489,489,2015,PA,16,15421,4312,1592,9517,6844,8553,24,13301,2120,6486,8202,77,77,32,547,7576,1890,742,4944,3221,4341
490,490,2015,PR,2,4518,363,248,3907,1237,3266,15,151,4367,1894,717,1,50,17,1839,399,46,29,324,117,282
491,491,2015,RI,1,1111,252,89,770,418,691,2,831,280,765,287,4,7,2,46,743,131,55,557,255,486
492,492,2015,SC,4,5354,782,301,4271,1970,3384,0,5216,138,2253,2926,11,43,19,102,1639,233,80,1326,627,1012
493,493,2015,SD,1,1036,266,139,631,373,662,1,1020,16,403,87,3,524,3,16,642,148,79,415,233,409
494,494,2015,TN,10,9123,1625,836,6662,3636,5467,20,8931,192,5370,3488,22,66,24,153,3540,575,398,2567,1408,2124
495,495,2015,TX,11,23678,4529,1712,17437,9038,14575,65,16750,6928,13713,8603,145,424,104,689,10244,1886,578,7780,4193,6022
496,496,2015,UT,3,3025,764,199,2062,1176,1842,7,2365,660,2359,311,35,128,74,118,1912,428,114,1370,713,1193
497,497,2015,VA,16,7001,1769,576,4656,2803,4191,7,6517,484,2703,3761,110,62,17,348,4453,993,352,3108,1737,2713
498,498,2015,VI,1,337,19,14,304,82,255,0,308,29,42,260,2,8,0,25,53,10,4,39,27,26
499,499,2015,VT,2,1523,356,180,987,668,853,2,1476,47,1363,134,3,5,3,15,1082,263,122,697,512,568
500,500,2015,WA,7,19419,4162,1881,13376,7457,11896,66,16681,2738,11860,4095,369,871,491,1733,6624,1367,494,4763,2414,4187
501,501,2015,WI,4,6057,1987,550,3520,2748,3304,5,5544,513,3276,2153,55,224,44,305,3112,864,229,2019,1351,1759
502,502,2015,WV,4,1835,268,171,1396,626,1208,1,1796,39,1495,289,1,9,3,38,1020,133,85,802,330,689
503,503,2015,WY,1,798,187,59,552,295,503,0,669,129,628,30,0,97,1,42,231,27,21,183,58,173
504,504,2014,AK,2,1784,397,202,1185,799,984,1,1720,64,653,142,14,781,50,144,1139,205,118,816,483,655
505,505,2014,AL,8,4561,772,366,3423,1681,2806,4,4368,123,1982,2345,17,20,2,125,1851,228,157,1466,729,1121
506,506,2014,AR,6,2936,355,315,2266,1113,1098,0,1669,542,1445,714,11,6,2,33,1021,125,117,779,342,679
507,507,2014,AS,0,0,0,0,0,0,0,0,0,0,0,0,0,0,0,0,0,0,0,0,0,0
508,508,2014,AZ,3,10495,2679,1024,6792,3900,5531,15,6984,2462,6056,1823,33,766,67,701,4291,1052,372,2867,1820,2467
509,509,2014,CA,40,113952,15057,13853,85042,20974,30954,95,35550,16473,31703,13921,1030,1916,758,2695,20964,4379,1588,14997,8241,12691
510,510,2014,CO,3,10028,2835,1004,6189,3701,5284,38,6419,2604,5330,2060,91,474,64,1004,4002,697,344,2961,1373,2601
511,511,2014,CT,6,4450,836,308,3306,1404,2125,2,2572,959,1680,1505,30,113,78,125,2481,462,183,1836,902,1579
512,512,2014,DC,1,7748,2241,837,4670,3326,4406,16,7417,331,552,6886,38,13,2,257,5754,1725,615,3414,2407,3340
513,513,2014,DE,1,901,220,51,630,390,511,0,843,58,358,519,2,5,2,15,435,83,19,333,159,276
514,514,2014,FL,28,41542,8579,3522,29441,11959,22057,40,29847,4209,20106,12743,130,270,80,727,10250,2376,794,7080,3817,6418
515,515,2014,GA,9,16521,2716,1246,12559,3920,6967,27,10470,444,2371,8126,34,7,10,366,4441,962,368,3111,1556,2885
516,516,2014,GU,1,1356,535,149,672,658,697,1,1345,11,11,5,25,7,1277,31,57,27,5,25,32,25
517,517,2014,HI,2,6918,1864,507,4547,2896,3998,24,6056,862,1683,227,394,87,2603,1924,1162,421,82,659,567,594
518,518,2014,IA,3,3122,1030,311,1781,1431,1690,1,2855,267,1972,818,19,84,4,225,1387,318,136,933,533,853
519,519,2014,ID,2,2104,518,186,1400,894,1209,1,1889,215,1830,88,16,136,11,23,739,137,74,528,300,439
520,520,2014,IL,20,13107,3592,1450,8065,6111,6591,21,11426,1297,4473,7582,114,64,37,453,5031,872,525,3634,1968,3057
521,521,2014,IN,3,5971,1277,546,4148,2290,3678,3,5680,291,3696,2007,25,32,7,204,3376,618,347,2411,1298,2077
522,522,2014,KS,5,2783,707,192,1884,1150,1548,3,2441,260,1855,622,15,90,2,117,1460,264,99,1097,521,938
523,523,2014,KY,3,5089,1073,484,3532,1998,2997,3,4821,177,3351,1371,13,32,3,228,2382,417,196,1769,854,1525
524,524,2014,LA,9,4606,860,470,3276,1746,2844,16,4470,136,1515,2871,23,58,11,128,1451,216,130,1105,526,922
525,525,2014,MA,18,21237,8916,1975,10346,10751,10451,10,13985,7227,10415,6164,209,58,100,4266,16835,8118,1576,7141,9101,7730
526,526,2014,MD,16,7856,1812,592,5452,2988,4525,7,7152,368,2696,4516,49,32,19,208,3703,779,304,2620,1459,2240
527,527,2014,ME,2,2726,793,315,1618,1235,1489,2,2593,133,2371,236,11,34,12,62,1107,229,142,736,407,699
528,528,2014,MI,21,12227,3145,1396,7686,4599,6162,0,10122,639,4708,5301,37,99,11,605,5513,1220,582,3711,2210,3303
529,529,2014,MN,10,8377,3034,983,4360,3956,4410,11,7797,580,2966,3917,153,714,38,589,4414,1578,368,2468,1928,2483
530,530,2014,MO,8,7282,1910,594,4778,3226,3949,11,6882,304,3896,2888,23,42,16,321,3521,910,224,2387,1647,1866
531,531,2014,MP,0,0,0,0,0,0,0,0,0,0,0,0,0,0,0,0,0,0,0,0,0,0
532,532,2014,MS,3,2226,355,184,1687,782,1437,7,2180,46,840,1323,12,19,4,28,732,137,55,540,262,467
533,533,2014,MT,1,1745,354,232,1159,824,921,0,1676,69,1379,22,3,327,14,0,471,83,42,346,191,280
534,534,2014,NC,12,11491,2548,1028,7915,4520,6915,3,11002,436,4727,6240,43,89,23,316,5631,1067,463,4101,2152,3479
535,535,2014,ND,1,1258,217,129,912,428,830,0,1125,133,715,230,7,213,1,92,639,128,66,445,218,421
536,536,2014,NE,3,3026,765,311,1950,1181,1845,0,2650,376,2069,648,14,112,12,171,1584,314,147,1123,513,1071
537,537,2014,NH,3,1376,329,139,908,560,803,1,1282,82,1242,58,4,9,0,51,710,136,56,518,260,449
538,538,2014,NJ,17,11671,3287,1198,7186,5185,6480,2,9264,2403,5051,6037,76,86,43,374,7692,2106,827,4759,3465,4226
539,539,2014,NM,2,2746,750,243,1753,897,1421,0,1306,1012,1378,200,15,536,17,172,1409,290,86,1033,394,1015
540,540,2014,NV,3,8582,1542,1206,5834,2854,5692,36,6844,1738,4183,2980,139,141,92,1047,3582,627,254,2701,1329,2253
541,541,2014,NY,29,80590,28588,8608,43394,38134,42329,108,54566,26005,19012,58453,823,768,656,859,66893,26469,7009,33415,33691,33112
542,542,2014,OH,9,11823,2599,1236,7988,4497,7140,9,11144,502,5994,4979,16,54,19,584,7043,1506,714,4823,2676,4360
543,543,2014,OK,8,4191,749,420,3022,1699,2490,2,4048,143,2653,840,14,503,10,171,2499,438,192,1869,1009,1489
544,544,2014,OR,7,12164,2685,1174,8305,3739,4692,13,6934,1510,6523,564,63,346,173,775,2767,481,206,2080,1077,1685
545,545,2014,PA,18,15333,4287,1775,9271,6614,8595,89,13709,1589,6215,8034,58,82,17,892,7733,1910,834,4989,3116,4603
546,546,2014,PR,2,4132,398,209,3525,457,945,4,26,1380,599,133,0,14,24,636,406,41,34,331,111,291
547,547,2014,RI,1,1190,251,99,840,462,727,1,932,258,786,280,6,11,6,101,803,132,71,600,296,506
548,548,2014,SC,4,5057,858,366,3833,2249,2787,21,4871,186,2111,2611,10,57,6,262,1782,303,131,1348,727,1047
549,549,2014,SD,1,885,247,79,559,361,524,0,830,55,409,63,2,410,0,1,528,130,38,360,233,295
550,550,2014,TN,10,9415,1390,738,7287,3713,5698,4,9224,191,5711,3515,27,27,17,118,4160,544,317,3299,1329,2830
551,551,2014,TX,12,28495,5873,2143,20479,10511,17753,50,19627,8687,15610,10825,307,497,146,929,10601,2325,680,7596,4334,6246
552,552,2014,UT,3,3081,880,207,1994,1232,1845,4,2385,696,2518,253,39,156,35,80,1762,375,126,1261,632,1126
553,553,2014,VA,16,7020,1750,599,4671,2829,4182,9,6362,658,2859,3639,100,34,8,380,4281,877,365,3039,1647,2633
554,554,2014,VI,1,448,14,16,418,35,50,0,70,15,8,76,0,0,0,1,51,11,4,36,28,23
555,555,2014,VT,2,1559,422,197,940,717,842,0,1507,52,1430,108,3,11,5,2,1031,279,95,657,502,529
556,556,2014,WA,7,18442,4360,1752,12330,6796,8884,26,13242,2464,9623,2942,254,561,326,2000,6202,1240,439,4523,2312,3882
557,557,2014,WI,4,6055,1970,624,3461,2783,3266,6,5593,462,3325,2146,65,167,11,341,3111,841,305,1965,1359,1750
558,558,2014,WV,4,2013,298,182,1533,740,1272,1,1934,79,1532,336,9,24,3,109,1189,158,101,930,383,805
559,559,2014,WY,1,757,182,71,504,294,462,1,655,102,548,41,2,108,0,58,268,41,31,196,87,181
560,560,2013,AK,2,1784,397,202,1185,799,984,1,1720,64,653,142,14,781,50,144,1139,205,118,816,483,655
561,561,2013,AL,8,4561,772,366,3423,1681,2806,4,4368,123,1982,2345,17,20,2,125,1851,228,157,1466,729,1121
562,562,2013,AR,6,2936,355,315,2266,1113,1098,0,1669,542,1445,714,11,6,2,33,1021,125,117,779,342,679
563,563,2013,AS,0,0,0,0,0,0,0,0,0,0,0,0,0,0,0,0,0,0,0,0,0,0
564,564,2013,AZ,3,10495,2679,1024,6792,3900,5531,15,6984,2462,6056,1823,33,766,67,701,4291,1052,372,2867,1820,2467
565,565,2013,CA,40,113952,15057,13853,85042,20974,30954,95,35550,16473,31703,13921,1030,1916,758,2695,20964,4379,1588,14997,8241,12691
566,566,2013,CO,3,10028,2835,1004,6189,3701,5284,38,6419,2604,5330,2060,91,474,64,1004,4002,697,344,2961,1373,2601
567,567,2013,CT,6,4450,836,308,3306,1404,2125,2,2572,959,1680,1505,30,113,78,125,2481,462,183,1836,902,1579
568,568,2013,DC,1,7748,2241,837,4670,3326,4406,16,7417,331,552,6886,38,13,2,257,5754,1725,615,3414,2407,3340
569,569,2013,DE,1,901,220,51,630,390,511,0,843,58,358,519,2,5,2,15,435,83,19,333,159,276
570,570,2013,FL,28,41542,8579,3522,29441,11959,22057,40,29847,4209,20106,12743,130,270,80,727,10250,2376,794,7080,3817,6418
571,571,2013,GA,9,16521,2716,1246,12559,3920,6967,27,10470,444,2371,8126,34,7,10,366,4441,962,368,3111,1556,2885
572,572,2013,GU,1,1356,535,149,672,658,697,1,1345,11,11,5,25,7,1277,31,57,27,5,25,32,25
573,573,2013,HI,2,6918,1864,507,4547,2896,3998,24,6056,862,1683,227,394,87,2603,1924,1162,421,82,659,567,594
574,574,2013,IA,3,3122,1030,311,1781,1431,1690,1,2855,267,1972,818,19,84,4,225,1387,318,136,933,533,853
575,575,2013,ID,2,2104,518,186,1400,894,1209,1,1889,215,1830,88,16,136,11,23,739,137,74,528,300,439
576,576,2013,IL,20,13107,3592,1450,8065,6111,6591,21,11426,1297,4473,7582,114,64,37,453,5031,872,525,3634,1968,3057
577,577,2013,IN,3,5971,1277,546,4148,2290,3678,3,5680,291,3696,2007,25,32,7,204,3376,618,347,2411,1298,2077
578,578,2013,KS,5,2783,707,192,1884,1150,1548,3,2441,260,1855,622,15,90,2,117,1460,264,99,1097,521,938
579,579,2013,KY,3,5089,1073,484,3532,1998,2997,3,4821,177,3351,1371,13,32,3,228,2382,417,196,1769,854,1525
580,580,2013,LA,9,4606,860,470,3276,1746,2844,16,4470,136,1515,2871,23,58,11,128,1451,216,130,1105,526,922
581,581,2013,MA,18,21237,8916,1975,10346,10751,10451,10,13985,7227,10415,6164,209,58,100,4266,16835,8118,1576,7141,9101,7730
582,582,2013,MD,16,7856,1812,592,5452,2988,4525,7,7152,368,2696,4516,49,32,19,208,3703,779,304,2620,1459,2240
583,583,2013,ME,2,2726,793,315,1618,1235,1489,2,2593,133,2371,236,11,34,12,62,1107,229,142,736,407,699
584,584,2013,MI,21,12227,3145,1396,7686,4599,6162,0,10122,639,4708,5301,37,99,11,605,5513,1220,582,3711,2210,3303
585,585,2013,MN,10,8377,3034,983,4360,3956,4410,11,7797,580,2966,3917,153,714,38,589,4414,1578,368,2468,1928,2483
586,586,2013,MO,8,7282,1910,594,4778,3226,3949,11,6882,304,3896,2888,23,42,16,321,3521,910,224,2387,1647,1866
587,587,2013,MP,0,0,0,0,0,0,0,0,0,0,0,0,0,0,0,0,0,0,0,0,0,0
588,588,2013,MS,3,2226,355,184,1687,782,1437,7,2180,46,840,1323,12,19,4,28,732,137,55,540,262,467
589,589,2013,MT,1,1745,354,232,1159,824,921,0,1676,69,1379,22,3,327,14,0,471,83,42,346,191,280
590,590,2013,NC,12,11491,2548,1028,7915,4520,6915,3,11002,436,4727,6240,43,89,23,316,5631,1067,463,4101,2152,3479
591,591,2013,ND,1,1258,217,129,912,428,830,0,1125,133,715,230,7,213,1,92,639,128,66,445,218,421
592,592,2013,NE,3,3026,765,311,1950,1181,1845,0,2650,376,2069,648,14,112,12,171,1584,314,147,1123,513,1071
593,593,2013,NH,3,1376,329,139,908,560,803,1,1282,82,1242,58,4,9,0,51,710,136,56,518,260,449
594,594,2013,NJ,17,11671,3287,1198,7186,5185,6480,2,9264,2403,5051,6037,76,86,43,374,7692,2106,827,4759,3465,4226
595,595,2013,NM,2,2746,750,243,1753,897,1421,0,1306,1012,1378,200,15,536,17,172,1409,290,86,1033,394,1015
596,596,2013,NV,3,8582,1542,1206,5834,2854,5692,36,6844,1738,4183,2980,139,141,92,1047,3582,627,254,2701,1329,2253
597,597,2013,NY,29,80590,28588,8608,43394,38134,42329,108,54566,26005,19012,58453,823,768,656,859,66893,26469,7009,33415,33691,33112
598,598,2013,OH,9,11823,2599,1236,7988,4497,7140,9,11144,502,5994,4979,16,54,19,584,7043,1506,714,4823,2676,4360
599,599,2013,OK,8,4191,749,420,3022,1699,2490,2,4048,143,2653,840,14,503,10,171,2499,438,192,1869,1009,1489
600,600,2013,OR,7,12164,2685,1174,8305,3739,4692,13,6934,1510,6523,564,63,346,173,775,2767,481,206,2080,1077,1685
601,601,2013,PA,18,15333,4287,1775,9271,6614,8595,89,13709,1589,6215,8034,58,82,17,892,7733,1910,834,4989,3116,4603
602,602,2013,PR,2,4132,398,209,3525,457,945,4,26,1380,599,133,0,14,24,636,406,41,34,331,111,291
603,603,2013,RI,1,1190,251,99,840,462,727,1,932,258,786,280,6,11,6,101,803,132,71,600,296,506
604,604,2013,SC,4,5057,858,366,3833,2249,2787,21,4871,186,2111,2611,10,57,6,262,1782,303,131,1348,727,1047
605,605,2013,SD,1,885,247,79,559,361,524,0,830,55,409,63,2,410,0,1,528,130,38,360,233,295
606,606,2013,TN,10,9415,1390,738,7287,3713,5698,4,9224,191,5711,3515,27,27,17,118,4160,544,317,3299,1329,2830
607,607,2013,TX,12,28495,5873,2143,20479,10511,17753,50,19627,8687,15610,10825,307,497,146,929,10601,2325,680,7596,4334,6246
608,608,2013,UT,3,3081,880,207,1994,1232,1845,4,2385,696,2518,253,39,156,35,80,1762,375,126,1261,632,1126
609,609,2013,VA,16,7020,1750,599,4671,2829,4182,9,6362,658,2859,3639,100,34,8,380,4281,877,365,3039,1647,2633
610,610,2013,VI,1,448,14,16,418,35,50,0,70,15,8,76,0,0,0,1,51,11,4,36,28,23
611,611,2013,VT,2,1559,422,197,940,717,842,0,1507,52,1430,108,3,11,5,2,1031,279,95,657,502,529
612,612,2013,WA,7,18442,4360,1752,12330,6796,8884,26,13242,2464,9623,2942,254,561,326,2000,6202,1240,439,4523,2312,3882
613,613,2013,WI,4,6055,1970,624,3461,2783,3266,6,5593,462,3325,2146,65,167,11,341,3111,841,305,1965,1359,1750
614,614,2013,WV,4,2013,298,182,1533,740,1272,1,1934,79,1532,336,9,24,3,109,1189,158,101,930,383,805
615,615,2013,WY,1,757,182,71,504,294,462,1,655,102,548,41,2,108,0,58,268,41,31,196,87,181
616,616,2012,AK,2,1913,1139,577,0,1716,197,1298,33,849,27,308,4,0,1157,31,141,2,615,290,269,559
617,617,2012,AL,8,5209,1663,1969,32,3664,1545,3825,49,1158,20,1383,3,32,2573,23,1252,26,1384,505,586,1091
618,618,2012,AR,6,4214,886,716,0,1602,2612,3428,80,707,68,484,12,0,1191,80,2237,0,786,179,232,411
619,619,2012,AS,0,0,0,0,0,0,0,0,0,0,0,0,0,0,0,0,0,0,0,0,0,0
620,620,2012,AZ,3,11302,4291,3884,40,8215,3087,6310,129,2507,30,1239,21,40,3786,51,2524,78,4992,1784,2645,4429
621,621,2012,CA,42,120098,22200,23530,160,45890,74208,94888,1366,14608,169,11726,115,160,26494,284,68394,1082,25210,7592,11804,19396
622,622,2012,CO,3,16768,3502,3733,25,7260,9508,5101,335,1892,15,930,14,25,2847,29,2254,306,11667,1610,2803,4413
623,623,2012,CT,7,4209,2271,1243,0,3514,695,2906,1,1577,1,675,0,0,2252,1,654,0,1303,694,568,1262
624,624,2012,DC,1,6954,3772,2503,0,6275,679,3767,13,2166,10,922,3,0,3088,13,679,0,3187,1606,1581,3187
625,625,2012,DE,1,1008,527,449,10,986,22,611,0,364,0,215,0,10,589,0,22,0,397,163,234,397
626,626,2012,FL,28,55170,9388,10289,155,19832,35338,36771,1013,6435,237,6211,226,155,12801,463,23970,550,18399,2953,4078,7031
627,627,2012,GA,7,20516,4291,4007,22,8320,12196,15363,119,2978,12,1816,15,22,4816,27,10547,92,5153,1313,2191,3504
628,628,2012,GU,1,1301,66,121,0,187,1114,255,6,26,5,39,1,0,65,6,190,0,1046,40,82,122
629,629,2012,HI,2,6246,1141,2560,25,3726,2520,3130,9,513,2,537,0,25,1075,2,2055,7,3116,628,2023,2651
630,630,2012,IA,3,2928,1164,1616,0,2780,148,1446,11,756,0,546,11,0,1302,11,144,0,1482,408,1070,1478
631,631,2012,ID,2,1968,770,712,0,1482,486,1175,13,517,7,270,0,0,787,7,388,6,793,253,442,695
632,632,2012,IL,20,14144,4828,6229,92,11149,2995,8269,168,3617,26,2099,8,92,5808,34,2461,134,5875,1211,4130,5341
633,633,2012,IN,3,6259,2934,2411,25,5370,889,3316,67,1555,27,1081,24,25,2661,51,655,16,2943,1379,1330,2709
634,634,2012,KS,5,2684,1317,1016,17,2350,334,1526,14,875,2,373,11,17,1265,13,261,1,1158,442,643,1085
635,635,2012,KY,3,5230,2132,2177,10,4319,911,3282,65,1555,63,990,0,10,2555,63,727,2,1948,577,1187,1764
636,636,2012,LA,9,7772,1375,2397,35,3807,3965,6322,51,1132,21,1271,18,35,2438,39,3884,12,1450,243,1126,1369
637,637,2012,MA,19,17501,12652,4074,53,16779,722,6289,62,3119,26,2405,26,53,5577,52,712,10,11212,9533,1669,11202
638,638,2012,MD,16,9454,3399,2451,92,5942,3512,5727,1,2117,0,1236,1,92,3445,1,2282,0,3727,1282,1215,2497
639,639,2012,ME,2,2393,975,1373,12,2360,33,1287,34,688,11,554,21,12,1254,32,33,2,1106,287,819,1106
640,640,2012,MI,21,12592,5221,5015,34,10270,2322,7397,247,3405,95,2048,112,34,5487,207,1910,40,5195,1816,2967,4783
641,641,2012,MN,10,7744,3684,3060,10,6754,990,3540,134,1878,52,905,75,10,2793,127,747,7,4204,1806,2155,3961
642,642,2012,MO,8,10237,4683,3157,53,7893,2344,4855,95,1896,51,1582,40,53,3531,91,1324,4,5382,2787,1575,4362
643,643,2012,MP,0,0,0,0,0,0,0,0,0,0,0,0,0,0,0,0,0,0,0,0,0,0
644,644,2012,MS,3,2413,486,556,0,1042,1371,1794,42,374,14,252,28,0,626,42,1168,0,619,112,304,416
645,645,2012,MT,1,1833,716,437,0,1153,680,1166,18,443,7,210,11,0,653,18,513,0,667,273,227,500
646,646,2012,NC,12,13524,4641,4155,13,8809,4715,8480,119,3486,45,1962,13,13,5461,58,3019,61,5044,1155,2193,3348
647,647,2012,ND,1,688,474,161,0,635,53,485,1,344,0,101,1,0,445,1,40,0,203,130,60,190
648,648,2012,NE,3,3789,1581,1376,0,2957,832,2215,117,1183,62,678,16,0,1861,78,354,39,1574,398,698,1096
649,649,2012,NH,3,1496,769,555,5,1329,167,832,6,478,0,200,0,5,683,0,149,6,664,291,355,646
650,650,2012,NJ,19,13025,8130,3280,19,11429,1596,6603,34,4240,19,1128,14,19,5387,33,1216,1,6422,3890,2152,6042
651,651,2012,NM,2,3245,1380,1017,0,2397,848,2136,79,1059,30,412,13,0,1471,43,665,36,1109,321,605,926
652,652,2012,NV,3,8497,2503,1442,25,3970,4527,7493,376,1946,13,1028,25,25,2999,38,4494,338,1004,557,414,971
653,653,2012,NY,31,69566,53018,12302,162,65482,4084,30133,198,18481,100,7454,92,162,26097,192,4036,6,39433,34537,4848,39385
654,654,2012,OH,9,13977,6277,5874,95,12246,1731,7855,84,4038,62,2299,12,95,6432,74,1423,10,6122,2239,3575,5814
655,655,2012,OK,8,5032,2098,887,58,3043,1989,3454,433,1491,95,524,16,58,2073,111,1381,322,1578,607,363,970
656,656,2012,OR,7,15828,2600,3926,19,6545,9283,9788,531,1794,66,1679,48,19,3492,114,6296,417,6040,806,2247,3053
657,657,2012,PA,18,14736,6946,6512,202,13660,1076,7295,57,3950,49,2164,7,202,6316,56,979,1,7441,2996,4348,7344
658,658,2012,PR,2,3212,357,926,63,1346,1866,2494,1,286,0,595,0,63,944,0,1550,1,718,71,331,402
659,659,2012,RI,1,1277,805,426,18,1249,28,788,4,578,4,164,0,18,760,4,28,0,489,227,262,489
660,660,2012,SC,4,4915,1460,1304,12,2776,2139,3327,13,1114,0,663,3,12,1789,3,1538,10,1588,346,641,987
661,661,2012,SD,1,859,514,281,0,795,64,512,27,310,27,155,0,0,465,27,47,0,347,204,126,330
662,662,2012,TN,10,9426,2863,2895,20,5778,3648,6905,58,2204,24,1943,0,20,4167,24,2738,34,2521,659,952,1611
663,663,2012,TX,14,34052,10055,7302,144,17501,16551,20743,1121,5749,227,3137,122,144,9030,349,11713,772,13309,4306,4165,8471
664,664,2012,UT,3,3527,1725,1280,47,3052,475,2049,21,1091,19,503,1,47,1641,20,408,1,1478,634,777,1411
665,665,2012,VA,19,8424,4170,2774,51,6995,1429,5084,7,2811,6,937,1,51,3799,7,1285,0,3340,1359,1837,3196
666,666,2012,VI,1,484,32,74,0,106,378,438,0,20,0,40,0,0,60,0,378,0,46,12,34,46
667,667,2012,VT,2,1160,562,369,6,937,223,653,26,278,15,199,3,6,483,18,170,8,507,284,170,454
668,668,2012,WA,7,20504,6053,8919,55,15027,5477,11273,220,4163,91,2226,62,55,6444,153,4829,67,9231,1890,6693,8583
669,669,2012,WI,4,6027,2868,2517,61,5446,581,3033,24,1681,15,877,0,61,2619,15,414,9,2994,1187,1640,2827
670,670,2012,WV,4,2410,1014,505,14,1533,877,1742,32,727,6,292,0,14,1033,6,709,26,668,287,213,500
671,671,2012,WY,1,1813,231,244,0,475,1338,1302,11,172,0,120,0,0,292,0,1010,11,511,59,124,183
672,672,2011,AK,2,2128,1035,725,0,1760,368,1286,21,703,8,339,12,0,1042,20,244,1,842,332,386,718
673,673,2011,AL,8,5558,1615,2100,34,3749,1809,4325,114,1219,38,1529,32,34,2782,70,1543,44,1233,396,571,967
674,674,2011,AR,7,3424,1018,784,0,1802,1622,2505,158,762,78,558,72,0,1320,150,1185,8,919,256,226,482
675,675,2011,AS,0,0,0,0,0,0,0,0,0,0,0,0,0,0,0,0,0,0,0,0,0,0
676,676,2011,AZ,3,10504,3571,3691,40,7302,3202,6403,117,2245,20,1399,15,40,3684,35,2719,82,4101,1326,2292,3618
677,677,2011,CA,42,125128,26282,24220,189,50691,74437,97964,1689,15920,248,12919,195,189,29028,443,68936,1246,27164,10362,11301,21663
678,678,2011,CO,3,15116,2979,3142,25,6146,8970,4546,448,1802,132,824,10,25,2651,142,1895,306,10570,1177,2318,3495
679,679,2011,CT,7,4456,2358,1403,0,3761,695,3071,2,1622,2,795,0,0,2417,2,654,0,1385,736,608,1344
680,680,2011,DC,1,6546,3641,2600,0,6241,305,3858,26,2636,22,917,4,0,3553,26,305,0,2688,1005,1683,2688
681,681,2011,DE,1,1035,549,454,10,1013,22,663,0,375,0,256,0,10,641,0,22,0,372,174,198,372
682,682,2011,FL,28,56687,9641,11032,151,20824,35863,37584,1031,6849,273,6934,178,151,13934,451,23650,580,19103,2792,4098,6890
683,683,2011,GA,7,20975,4483,4240,0,8723,12252,15975,103,3301,11,2087,0,0,5388,11,10587,92,5000,1182,2153,3335
684,684,2011,GU,1,1745,67,137,0,204,1541,279,0,10,0,26,0,0,36,0,243,0,1466,57,111,168
685,685,2011,HI,2,6188,1076,2531,25,3632,2556,3195,7,527,3,525,0,25,1077,3,2118,4,2993,549,2006,2555
686,686,2011,IA,3,3134,1179,1834,0,3013,121,1628,41,765,22,753,19,0,1518,41,110,0,1506,414,1081,1495
687,687,2011,ID,2,2199,797,788,0,1585,614,1310,7,548,5,293,0,0,841,5,469,2,889,249,495,744
688,688,2011,IL,20,14009,4957,6040,92,11089,2920,8173,232,3591,22,2009,98,92,5692,120,2481,112,5836,1366,4031,5397
689,689,2011,IN,3,6196,2734,2795,21,5550,646,3789,29,1776,16,1459,11,21,3256,27,533,2,2407,958,1336,2294
690,690,2011,KS,5,2511,1348,860,14,2222,289,1425,16,756,2,430,13,14,1200,15,225,1,1086,592,430,1022
691,691,2011,KY,3,6034,2496,2675,12,5183,851,3842,79,1795,57,1363,22,12,3170,79,672,0,2192,701,1312,2013
692,692,2011,LA,9,9291,1223,2133,49,3405,5886,7941,41,947,19,1201,20,49,2197,39,5744,2,1350,276,932,1208
693,693,2011,MA,20,16664,11589,4333,39,15961,703,6344,68,3102,28,2531,10,39,5672,38,672,30,10320,8487,1802,10289
694,694,2011,MD,16,10208,3606,2831,59,6496,3712,6353,8,2429,6,1469,2,59,3957,8,2396,0,3855,1177,1362,2539
695,695,2011,ME,3,2447,904,1499,15,2418,29,1184,29,611,19,531,10,15,1157,29,27,0,1263,293,968,1261
696,696,2011,MI,21,13185,5412,5416,36,10864,2321,7634,215,3492,66,2193,110,36,5721,176,1913,39,5551,1920,3223,5143
697,697,2011,MN,10,7495,3504,3049,14,6567,928,3410,203,1783,43,921,124,14,2718,167,692,36,4085,1721,2128,3849
698,698,2011,MO,8,8989,3523,3147,48,6718,2271,4657,113,1830,85,1385,27,48,3263,112,1394,1,4332,1693,1762,3455
699,699,2011,MP,0,0,0,0,0,0,0,0,0,0,0,0,0,0,0,0,0,0,0,0,0,0
700,700,2011,MS,3,2306,429,625,2,1056,1250,1825,52,273,32,459,11,2,734,43,1091,9,481,156,166,322
701,701,2011,MT,1,1768,708,508,0,1216,552,1094,29,387,16,249,10,0,636,26,458,3,674,321,259,580
702,702,2011,NC,12,12896,5175,4070,0,9245,3651,8303,102,3659,44,2376,34,0,6035,78,2268,24,4593,1516,1694,3210
703,703,2011,ND,1,603,415,145,0,560,43,396,1,283,0,83,1,0,366,1,30,0,207,132,62,194
704,704,2011,NE,3,3548,1623,1418,0,3041,507,2210,121,1166,43,706,25,0,1872,68,338,53,1338,457,712,1169
705,705,2011,NH,3,1469,582,569,8,1159,310,820,9,419,0,204,9,8,631,9,189,0,649,163,365,528
706,706,2011,NJ,19,14137,8110,4700,20,12830,1307,6841,84,4407,53,1533,25,20,5960,78,881,6,7296,3703,3167,6870
707,707,2011,NM,2,3601,1693,1060,0,2753,848,2246,148,1238,94,343,18,0,1581,112,665,36,1355,455,717,1172
708,708,2011,NV,3,9150,1436,3084,25,4545,4605,7973,425,1140,11,2238,72,25,3403,83,4570,342,1177,296,846,1142
709,709,2011,NY,32,63445,49471,10179,128,59778,3667,27338,166,17222,73,6492,92,128,23842,165,3496,1,36107,32249,3687,35936
710,710,2011,OH,9,13030,5997,5134,93,11224,1806,7812,101,4049,54,2187,23,93,6329,77,1483,24,5218,1948,2947,4895
711,711,2011,OK,8,4625,2062,867,59,2988,1637,3236,422,1554,60,457,17,59,2070,77,1166,345,1389,508,410,918
712,712,2011,OR,7,17254,2555,4418,39,7012,10242,9445,904,1577,173,1633,243,39,3249,416,6196,488,7809,978,2785,3763
713,713,2011,PA,18,15096,7387,6484,165,14036,1060,7867,52,4504,33,2203,0,165,6872,33,995,19,7229,2883,4281,7164
714,714,2011,PR,2,2900,330,667,37,1034,1866,2346,2,241,1,518,0,37,796,1,1550,1,554,89,149,238
715,715,2011,RI,1,1070,680,338,21,1039,31,652,8,485,3,115,5,21,621,8,31,0,418,195,223,418
716,716,2011,SC,4,5093,1554,1388,12,2954,2139,3505,20,1210,7,745,3,12,1967,10,1538,10,1588,344,643,987
717,717,2011,SD,1,826,371,391,0,762,64,460,21,218,13,195,8,0,413,21,47,0,366,153,196,349
718,718,2011,TN,10,9113,3007,2888,20,5915,3198,6475,46,2322,16,1896,1,20,4238,17,2237,29,2638,685,992,1677
719,719,2011,TX,16,36911,10027,8788,157,18972,17939,23577,1520,6226,353,4024,249,157,10407,602,13170,918,13334,3801,4764,8565
720,720,2011,UT,3,3130,1506,1133,48,2687,443,1842,5,948,0,438,3,48,1434,3,408,2,1288,558,695,1253
721,721,2011,VA,20,8816,4395,2928,63,7386,1430,5231,20,2926,17,1028,3,63,4017,20,1214,0,3585,1469,1900,3369
722,722,2011,VI,1,532,37,117,0,154,378,450,0,13,0,59,0,0,72,0,378,0,82,24,58,82
723,723,2011,VT,2,1144,579,438,4,1021,123,637,20,340,10,189,10,4,533,20,104,0,507,239,249,488
724,724,2011,WA,7,20439,6047,8976,52,15075,5364,10868,261,3934,91,2232,60,52,6218,151,4650,110,9571,2113,6744,8857
725,725,2011,WI,4,5785,2644,2650,61,5355,430,2838,34,1520,21,923,7,61,2504,28,334,6,2947,1124,1727,2851
726,726,2011,WV,4,2211,923,471,11,1405,806,1662,2,696,1,285,0,11,992,1,670,1,549,227,186,413
727,727,2011,WY,1,1038,127,68,0,195,843,320,26,79,0,48,0,0,127,0,193,26,718,48,20,68
728,728,2010,AK,2,1863,1013,658,0,1671,192,1118,641,312,0,953,165,745,372,346,718,27,244,113,123,236
729,729,2010,AL,8,6046,1428,2463,0,3891,2155,4553,997,1860,0,2857,1696,1493,431,603,1034,459,551,155,234,389
730,730,2010,AR,5,2762,668,1060,0,1728,1034,2120,542,770,0,1312,808,642,126,290,416,226,222,52,85,137
731,731,2010,AS,0,0,0,0,0,0,0,0,0,0,0,0,0,0,0,0,0,0,0,0,0,0
732,732,2010,AZ,3,13711,3503,3671,40,7214,6497,9226,2018,1308,40,3366,5860,4485,1485,2363,3848,637,1372,452,740,1192
733,733,2010,CA,43,123480,23701,27115,83,50899,72581,96940,16992,15227,83,32302,64638,26540,6709,11888,18597,7943,8810,2234,3980,6214
734,734,2010,CO,3,15482,4895,4136,0,9031,6451,7574,3083,1493,0,4576,2998,7908,1812,2643,4455,3453,2234,541,812,1353
735,735,2010,CT,10,4316,2314,1503,0,3817,499,2993,1635,876,0,2511,482,1323,679,627,1306,17,447,225,215,440
736,736,2010,DC,1,6539,3584,2512,13,6109,430,4016,2593,980,13,3586,430,2523,991,1532,2523,0,800,318,482,800
737,737,2010,DE,1,982,481,439,10,930,52,681,358,261,10,629,52,301,123,178,301,0,111,50,61,111
738,738,2010,FL,28,57551,10242,11478,97,21817,35734,35738,6074,7060,97,13231,22507,21813,4168,4418,8586,13227,8017,1487,1387,2874
739,739,2010,GA,7,19836,4303,4443,0,8746,11090,14377,3146,2466,0,5612,8765,5459,1157,1977,3134,2325,1812,381,712,1093
740,740,2010,GU,1,1635,56,126,0,182,1453,534,12,25,0,37,497,1101,44,101,145,956,172,10,22,32
741,741,2010,HI,2,5834,994,2516,25,3535,2299,2889,462,457,25,944,1945,2945,532,2059,2591,354,764,151,524,675
742,742,2010,IA,3,3014,1062,1841,0,2903,111,1528,690,736,0,1426,102,1486,372,1105,1477,9,481,123,354,477
743,743,2010,ID,2,2346,796,768,0,1564,782,1445,532,299,0,831,614,901,264,469,733,168,287,88,154,242
744,744,2010,IL,21,14395,4981,7172,55,12208,2187,7568,3514,2198,55,5767,1801,6827,1467,4974,6441,386,2229,511,1585,2096
745,745,2010,IN,3,6452,2707,2526,0,5233,1219,3588,1518,1218,0,2736,852,2864,1189,1308,2497,367,913,385,420,805
746,746,2010,KS,5,2024,1179,649,0,1828,196,1318,803,363,0,1166,152,706,376,286,662,44,212,117,81,198
747,747,2010,KY,3,6623,2740,2847,12,5599,1024,4125,1878,1371,12,3261,864,2498,862,1476,2338,160,805,268,488,756
748,748,2010,LA,9,12482,1617,2479,0,4096,8386,10101,1016,1374,0,2390,7711,2381,601,1105,1706,675,763,187,367,554
749,749,2010,MA,20,16646,11451,4109,35,15595,1051,6403,3153,2295,35,5483,920,10243,8298,1814,10112,131,3526,2763,716,3479
750,750,2010,MD,16,10845,3511,2947,57,6515,4330,5999,2171,1674,57,3902,2097,4846,1340,1273,2613,2233,1603,445,419,864
751,751,2010,ME,3,2379,854,1497,0,2351,28,1061,548,485,0,1033,28,1318,306,1012,1318,0,447,105,342,447
752,752,2010,MI,21,13058,5186,5001,32,10219,2839,7365,3334,2005,32,5371,1994,5693,1852,2996,4848,845,1880,632,970,1602
753,753,2010,MN,11,7869,3360,3360,10,6730,1139,3605,2000,924,10,2934,671,4264,1360,2436,3796,468,1409,441,803,1244
754,754,2010,MO,8,8122,3363,2930,43,6336,1786,4427,1909,1338,43,3290,1137,3695,1454,1592,3046,649,1196,472,522,994
755,755,2010,MP,0,0,0,0,0,0,0,0,0,0,0,0,0,0,0,0,0,0,0,0,0,0
756,756,2010,MS,3,2743,578,603,0,1181,1562,1924,302,359,0,661,1263,819,276,244,520,299,264,83,78,161
757,757,2010,MT,1,1615,674,494,0,1168,447,890,370,192,0,562,328,725,304,302,606,119,238,98,103,201
758,758,2010,NC,12,12191,4979,4194,0,9173,3018,8361,3530,2362,0,5892,2469,3830,1449,1832,3281,549,1293,497,611,1108
759,759,2010,ND,1,799,461,307,0,768,31,539,306,207,0,513,26,260,155,100,255,5,82,47,33,80
760,760,2010,NE,7,3877,1765,1590,0,3355,522,2423,1258,760,0,2018,405,1454,507,830,1337,117,482,174,271,445
761,761,2010,NH,3,1574,729,600,8,1337,237,943,479,253,8,740,203,631,250,347,597,34,236,82,141,223
762,762,2010,NJ,20,13737,7878,4205,0,12083,1654,6520,3989,1282,0,5271,1249,7217,3889,2923,6812,405,2572,1407,1004,2411
763,763,2010,NM,2,3475,985,1123,0,2108,1367,2343,637,465,0,1102,1241,1132,348,658,1006,126,304,68,184,252
764,764,2010,NV,3,11205,1381,6467,0,7848,3357,9565,1129,5104,0,6233,3332,1640,252,1363,1615,25,435,86,339,425
765,765,2010,NY,32,65606,50469,10856,142,61467,4139,26293,15205,6945,142,22292,4001,39313,35264,3911,39175,138,12332,10977,1306,12283
766,766,2010,OH,9,12569,6190,4452,87,10729,1840,7719,4119,2089,87,6295,1424,4850,2071,2363,4434,416,1595,643,810,1453
767,767,2010,OK,8,5229,2350,920,45,3315,1914,3317,1712,482,45,2239,1078,1912,638,438,1076,836,665,229,131,360
768,768,2010,OR,8,19492,2446,4746,39,7231,12261,10731,1796,1819,39,3654,7077,8761,650,2927,3577,5184,2811,221,943,1164
769,769,2010,PA,17,14516,6878,6381,159,13418,1098,7191,4095,1871,159,6125,1066,7325,2783,4510,7293,32,2393,933,1447,2380
770,770,2010,PR,2,4149,548,846,10,1404,2745,3721,431,683,10,1124,2597,428,117,163,280,148,149,31,67,98
771,771,2010,RI,1,1282,761,428,17,1206,76,704,442,173,17,632,72,578,319,255,574,4,216,105,110,215
772,772,2010,SC,4,4473,1577,1459,0,3036,1437,3194,1118,827,0,1945,1249,1279,459,632,1091,188,474,183,220,403
773,773,2010,SD,1,731,371,296,0,667,64,445,218,163,0,381,64,286,153,133,286,0,87,42,45,87
774,774,2010,TN,10,10276,4372,2605,22,6999,3277,7623,3337,1701,22,5060,2563,2653,1035,904,1939,714,956,367,298,665
775,775,2010,TX,17,35121,10577,8497,117,19191,15930,24078,7028,4104,117,11249,12829,11043,3549,4393,7942,3101,3987,1206,1590,2796
776,776,2010,UT,3,3284,1448,1225,49,2722,562,1926,962,382,49,1393,533,1358,486,843,1329,29,404,149,246,395
777,777,2010,VA,22,9080,4510,2875,54,7439,1641,5338,3022,890,54,3966,1372,3742,1488,1985,3473,269,1181,481,608,1089
778,778,2010,VI,1,487,33,59,0,92,395,468,21,52,0,73,395,19,12,7,19,0,9,6,3,9
779,779,2010,VT,2,1220,611,461,6,1078,142,797,333,333,6,672,125,423,278,128,406,17,167,105,57,162
780,780,2010,WA,7,22878,6043,10391,55,16489,6389,11901,3883,2767,55,6705,5196,10977,2160,7624,9784,1193,3388,661,2362,3023
781,781,2010,WI,4,6333,2680,2560,13,5253,1080,3040,1542,1043,13,2598,442,3293,1138,1517,2655,638,1080,372,484,856
782,782,2010,WV,4,2264,908,606,10,1524,740,1527,626,412,10,1048,479,737,282,194,476,261,245,109,60,169
783,783,2010,WY,1,579,264,251,0,515,64,327,220,49,0,269,58,252,44,202,246,6,90,15,73,88
784,784,2009,AK,2,1992,1009,656,1665,327,1239,626,363,989,250,753,383,293,676,77,237,118,92,210,27,323
785,785,2009,AL,8,6080,1419,2494,3913,2167,4686,1104,1927,3031,1655,1394,315,567,882,512,509,112,201,313,196,1189
786,786,2009,AR,6,2852,652,1078,1730,1122,2181,499,798,1297,884,671,153,280,433,238,234,58,85,143,91,406
787,787,2009,AS,0,0,0,0,0,0,0,0,0,0,0,0,0,0,0,0,0,0,0,0,0,0
788,788,2009,AZ,3,14721,4020,4346,8366,6355,9959,2452,1839,4291,5668,4762,1568,2507,4075,687,1406,478,773,1251,155,2229
789,789,2009,CA,43,123678,23081,27696,50777,72901,97534,16849,15568,32417,65117,26144,6232,12128,18360,7784,8613,2086,4057,6143,2470,31412
790,790,2009,CO,3,15268,4895,4136,9031,6237,7401,3083,1493,4576,2825,7867,1812,2643,4455,3412,2224,541,812,1353,871,1286
791,791,2009,CT,12,4605,2542,1561,4103,502,2773,1613,675,2288,485,1832,929,886,1815,17,624,317,300,617,7,824
792,792,2009,DC,1,6228,3315,2592,5907,321,3934,2632,981,3613,321,2294,683,1611,2294,0,703,203,500,703,0,1923
793,793,2009,DE,1,1130,583,500,1083,47,776,396,333,729,47,354,187,167,354,0,117,59,58,117,0,167
794,794,2009,FL,28,55599,10491,11376,21867,33732,34432,6579,7248,13827,20605,21167,3912,4128,8040,13127,7751,1320,1293,2613,5138,9062
795,795,2009,GA,7,20360,4819,4600,9419,10941,14365,3291,2474,5765,8600,5995,1528,2126,3654,2341,1895,445,724,1169,726,3771
796,796,2009,GU,1,1088,67,115,182,906,391,24,28,52,339,697,43,87,130,567,168,13,19,32,136,87
797,797,2009,HI,2,5782,1050,2218,3268,2514,2941,479,530,1009,1932,2841,571,1688,2259,582,784,176,445,621,163,772
798,798,2009,IA,3,3380,1180,2041,3221,159,1655,771,753,1524,131,1725,409,1288,1697,28,532,128,395,523,9,306
799,799,2009,ID,2,1939,631,846,1477,462,1117,432,389,821,296,822,199,457,656,166,280,66,154,220,60,210
800,800,2009,IL,21,14055,5066,6785,11851,2204,7475,3523,2119,5642,1833,6580,1543,4666,6209,371,2093,503,1478,1981,112,2212
801,801,2009,IN,3,6984,3249,1957,5206,1778,4151,1694,993,2687,1464,2833,1555,964,2519,314,975,518,354,872,103,765
802,802,2009,KS,5,1892,1116,580,1696,196,1238,741,345,1086,152,654,375,235,610,44,205,116,75,191,14,238
803,803,2009,KY,3,5999,2645,2654,5299,700,3302,1816,949,2765,537,2697,829,1705,2534,163,858,241,566,807,51,671
804,804,2009,LA,9,12504,1618,2500,4118,8386,10098,1010,1377,2387,7711,2406,608,1123,1731,675,764,190,365,555,209,4815
805,805,2009,MA,20,15482,9359,5117,14476,1006,7057,3060,3114,6174,883,8425,6299,2003,8302,123,3035,2163,821,2984,51,1937
806,806,2009,MD,16,11698,4205,3241,7446,4252,6641,2686,1937,4623,2018,5057,1519,1304,2823,2234,1675,519,410,929,746,2062
807,807,2009,ME,3,2444,843,1563,2406,38,1124,555,537,1092,32,1320,288,1026,1314,6,445,99,344,443,2,186
808,808,2009,MI,22,14005,5725,5573,11298,2707,7857,3783,2236,6019,1838,6148,1942,3337,5279,869,2012,652,1071,1723,289,1649
809,809,2009,MN,11,7718,3479,3293,6772,946,3393,1758,910,2668,725,4325,1721,2383,4104,221,1362,530,768,1298,64,1449
810,810,2009,MO,8,6959,2894,2575,5469,1490,3823,1708,1225,2933,890,3136,1186,1350,2536,600,1031,399,453,852,179,892
811,811,2009,MP,0,0,0,0,0,0,0,0,0,0,0,0,0,0,0,0,0,0,0,0,0,0
812,812,2009,MS,3,2797,524,697,1221,1576,1843,261,394,655,1188,954,263,303,566,388,301,78,95,173,128,522
813,813,2009,MT,1,1196,404,429,833,363,752,268,213,481,271,444,136,216,352,92,133,40,71,111,22,160
814,814,2009,NC,12,12918,4873,3600,8473,4445,9159,3450,2126,5576,3583,3759,1423,1474,2897,862,1184,461,449,910,274,1490
815,815,2009,ND,1,773,487,278,765,8,548,329,211,540,8,225,158,67,225,0,72,49,23,72,0,70
816,816,2009,NE,7,3718,1593,1486,3079,639,2072,1056,691,1747,325,1646,537,795,1332,314,530,155,278,433,97,495
817,817,2009,NH,3,1645,892,514,1406,239,891,479,191,670,221,754,413,323,736,18,259,131,122,253,6,330
818,818,2009,NJ,20,13169,7602,4269,11871,1298,5962,3631,1374,5005,957,7207,3971,2895,6866,341,2498,1376,998,2374,124,934
819,819,2009,NM,2,3475,985,1123,2108,1367,2343,637,465,1102,1241,1132,348,658,1006,126,304,68,184,252,52,779
820,820,2009,NV,3,11089,1311,6481,7792,3297,9394,1046,5097,6143,3251,1695,265,1384,1649,46,438,78,346,424,14,1297
821,821,2009,NY,32,61067,46894,10560,57454,3613,24557,13654,7351,21005,3552,36510,33240,3209,36449,61,11402,10233,1144,11377,25,4280
822,822,2009,OH,9,12700,6222,4707,10929,1771,7774,4235,2195,6430,1344,4926,1987,2512,4499,427,1648,660,860,1520,128,2303
823,823,2009,OK,8,4838,2316,991,3307,1531,3227,1644,541,2185,1042,1611,672,450,1122,489,545,226,166,392,153,654
824,824,2009,OR,8,17309,2715,4727,7442,9867,10443,1838,2154,3992,6451,6866,877,2573,3450,3416,2233,288,850,1138,1095,2842
825,825,2009,PA,17,15096,6954,6865,13819,1277,7384,4067,2124,6191,1193,7712,2887,4741,7628,84,2497,921,1545,2466,31,1798
826,826,2009,PR,2,4070,551,774,1325,2745,3730,443,690,1133,2597,340,108,84,192,148,109,26,32,58,51,2195
827,827,2009,RI,1,1607,819,737,1556,51,1139,616,472,1088,51,468,203,265,468,0,202,99,103,202,0,220
828,828,2009,SC,5,4473,1577,1459,3036,1437,3194,1118,827,1945,1249,1279,459,632,1091,188,474,183,220,403,71,674
829,829,2009,SD,1,731,371,296,667,64,445,218,163,381,64,286,153,133,286,0,87,42,45,87,0,109
830,830,2009,TN,10,10532,4468,2665,7133,3399,8048,3761,1759,5520,2528,2484,707,906,1613,871,967,282,305,587,380,2632
831,831,2009,TX,18,36761,12672,8986,21658,15103,22564,8505,4438,12943,9621,14197,4167,4548,8715,5482,5282,1424,1512,2936,2346,6020
832,832,2009,UT,3,3795,2080,1460,3540,255,2242,1314,673,1987,255,1553,766,787,1553,0,537,246,291,537,0,700
833,833,2009,VA,22,8852,4095,3189,7284,1568,5066,2671,1192,3863,1203,3786,1424,1997,3421,365,1247,475,642,1117,130,1621
834,834,2009,VI,1,471,40,36,76,395,430,5,30,35,395,41,35,6,41,0,18,15,3,18,0,369
835,835,2009,VT,2,1214,595,462,1057,157,693,278,293,571,122,521,317,169,486,35,193,116,62,178,15,134
836,836,2009,WA,7,22782,6714,9523,16237,6545,12086,4279,2360,6639,5447,10696,2435,7163,9598,1098,3465,784,2287,3071,394,2609
837,837,2009,WI,4,6525,2789,2676,5465,1060,3161,1622,1111,2733,428,3364,1167,1565,2732,632,1108,385,498,883,225,716
838,838,2009,WV,4,1667,793,485,1278,389,1101,579,269,848,253,566,214,216,430,136,177,73,65,138,39,337
839,839,2009,WY,1,515,185,266,451,64,340,120,162,282,58,175,65,104,169,6,72,19,51,70,2,79
840,840,2008,AK,2,1992,1009,656,1665,327,1239,626,363,989,250,753,383,293,676,77,237,118,92,210,27,323
841,841,2008,AL,8,6080,1419,2494,3913,2167,4686,1104,1927,3031,1655,1394,315,567,882,512,509,112,201,313,196,1189
842,842,2008,AR,6,2852,652,1078,1730,1122,2181,499,798,1297,884,671,153,280,433,238,234,58,85,143,91,406
843,843,2008,AS,0,0,0,0,0,0,0,0,0,0,0,0,0,0,0,0,0,0,0,0,0,0
844,844,2008,AZ,3,14721,4020,4346,8366,6355,9959,2452,1839,4291,5668,4762,1568,2507,4075,687,1406,478,773,1251,155,2229
845,845,2008,CA,43,123678,23081,27696,50777,72901,97534,16849,15568,32417,65117,26144,6232,12128,18360,7784,8613,2086,4057,6143,2470,31412
846,846,2008,CO,3,15268,4895,4136,9031,6237,7401,3083,1493,4576,2825,7867,1812,2643,4455,3412,2224,541,812,1353,871,1286
847,847,2008,CT,12,4605,2542,1561,4103,502,2773,1613,675,2288,485,1832,929,886,1815,17,624,317,300,617,7,824
848,848,2008,DC,1,6228,3315,2592,5907,321,3934,2632,981,3613,321,2294,683,1611,2294,0,703,203,500,703,0,1923
849,849,2008,DE,1,1130,583,500,1083,47,776,396,333,729,47,354,187,167,354,0,117,59,58,117,0,167
850,850,2008,FL,28,55599,10491,11376,21867,33732,34432,6579,7248,13827,20605,21167,3912,4128,8040,13127,7751,1320,1293,2613,5138,9062
851,851,2008,GA,7,20360,4819,4600,9419,10941,14365,3291,2474,5765,8600,5995,1528,2126,3654,2341,1895,445,724,1169,726,3771
852,852,2008,GU,1,1088,67,115,182,906,391,24,28,52,339,697,43,87,130,567,168,13,19,32,136,87
853,853,2008,HI,2,5782,1050,2218,3268,2514,2941,479,530,1009,1932,2841,571,1688,2259,582,784,176,445,621,163,772
854,854,2008,IA,3,3380,1180,2041,3221,159,1655,771,753,1524,131,1725,409,1288,1697,28,532,128,395,523,9,306
855,855,2008,ID,2,1939,631,846,1477,462,1117,432,389,821,296,822,199,457,656,166,280,66,154,220,60,210
856,856,2008,IL,21,14055,5066,6785,11851,2204,7475,3523,2119,5642,1833,6580,1543,4666,6209,371,2093,503,1478,1981,112,2212
857,857,2008,IN,3,6984,3249,1957,5206,1778,4151,1694,993,2687,1464,2833,1555,964,2519,314,975,518,354,872,103,765
858,858,2008,KS,5,1892,1116,580,1696,196,1238,741,345,1086,152,654,375,235,610,44,205,116,75,191,14,238
859,859,2008,KY,3,5999,2645,2654,5299,700,3302,1816,949,2765,537,2697,829,1705,2534,163,858,241,566,807,51,671
860,860,2008,LA,9,12504,1618,2500,4118,8386,10098,1010,1377,2387,7711,2406,608,1123,1731,675,764,190,365,555,209,4815
861,861,2008,MA,20,15482,9359,5117,14476,1006,7057,3060,3114,6174,883,8425,6299,2003,8302,123,3035,2163,821,2984,51,1937
862,862,2008,MD,16,11698,4205,3241,7446,4252,6641,2686,1937,4623,2018,5057,1519,1304,2823,2234,1675,519,410,929,746,2062
863,863,2008,ME,3,2444,843,1563,2406,38,1124,555,537,1092,32,1320,288,1026,1314,6,445,99,344,443,2,186
864,864,2008,MI,22,14005,5725,5573,11298,2707,7857,3783,2236,6019,1838,6148,1942,3337,5279,869,2012,652,1071,1723,289,1649
865,865,2008,MN,11,7718,3479,3293,6772,946,3393,1758,910,2668,725,4325,1721,2383,4104,221,1362,530,768,1298,64,1449
866,866,2008,MO,8,6959,2894,2575,5469,1490,3823,1708,1225,2933,890,3136,1186,1350,2536,600,1031,399,453,852,179,892
867,867,2008,MP,0,0,0,0,0,0,0,0,0,0,0,0,0,0,0,0,0,0,0,0,0,0
868,868,2008,MS,3,2797,524,697,1221,1576,1843,261,394,655,1188,954,263,303,566,388,301,78,95,173,128,522
869,869,2008,MT,1,1196,404,429,833,363,752,268,213,481,271,444,136,216,352,92,133,40,71,111,22,160
870,870,2008,NC,12,12918,4873,3600,8473,4445,9159,3450,2126,5576,3583,3759,1423,1474,2897,862,1184,461,449,910,274,1490
871,871,2008,ND,1,773,487,278,765,8,548,329,211,540,8,225,158,67,225,0,72,49,23,72,0,70
872,872,2008,NE,7,3718,1593,1486,3079,639,2072,1056,691,1747,325,1646,537,795,1332,314,530,155,278,433,97,495
873,873,2008,NH,3,1645,892,514,1406,239,891,479,191,670,221,754,413,323,736,18,259,131,122,253,6,330
874,874,2008,NJ,20,13169,7602,4269,11871,1298,5962,3631,1374,5005,957,7207,3971,2895,6866,341,2498,1376,998,2374,124,934
875,875,2008,NM,2,3475,985,1123,2108,1367,2343,637,465,1102,1241,1132,348,658,1006,126,304,68,184,252,52,779
876,876,2008,NV,3,11089,1311,6481,7792,3297,9394,1046,5097,6143,3251,1695,265,1384,1649,46,438,78,346,424,14,1297
877,877,2008,NY,32,61067,46894,10560,57454,3613,24557,13654,7351,21005,3552,36510,33240,3209,36449,61,11402,10233,1144,11377,25,4280
878,878,2008,OH,9,12700,6222,4707,10929,1771,7774,4235,2195,6430,1344,4926,1987,2512,4499,427,1648,660,860,1520,128,2303
879,879,2008,OK,8,4838,2316,991,3307,1531,3227,1644,541,2185,1042,1611,672,450,1122,489,545,226,166,392,153,654
880,880,2008,OR,8,17309,2715,4727,7442,9867,10443,1838,2154,3992,6451,6866,877,2573,3450,3416,2233,288,850,1138,1095,2842
881,881,2008,PA,17,15096,6954,6865,13819,1277,7384,4067,2124,6191,1193,7712,2887,4741,7628,84,2497,921,1545,2466,31,1798
882,882,2008,PR,2,4070,551,774,1325,2745,3730,443,690,1133,2597,340,108,84,192,148,109,26,32,58,51,2195
883,883,2008,RI,1,1607,819,737,1556,51,1139,616,472,1088,51,468,203,265,468,0,202,99,103,202,0,220
884,884,2008,SC,5,4473,1577,1459,3036,1437,3194,1118,827,1945,1249,1279,459,632,1091,188,474,183,220,403,71,674
885,885,2008,SD,1,731,371,296,667,64,445,218,163,381,64,286,153,133,286,0,87,42,45,87,0,109
886,886,2008,TN,10,10532,4468,2665,7133,3399,8048,3761,1759,5520,2528,2484,707,906,1613,871,967,282,305,587,380,2632
887,887,2008,TX,18,36761,12672,8986,21658,15103,22564,8505,4438,12943,9621,14197,4167,4548,8715,5482,5282,1424,1512,2936,2346,6020
888,888,2008,UT,3,3795,2080,1460,3540,255,2242,1314,673,1987,255,1553,766,787,1553,0,537,246,291,537,0,700
889,889,2008,VA,22,8852,4095,3189,7284,1568,5066,2671,1192,3863,1203,3786,1424,1997,3421,365,1247,475,642,1117,130,1621
890,890,2008,VI,1,471,40,36,76,395,430,5,30,35,395,41,35,6,41,0,18,15,3,18,0,369
891,891,2008,VT,2,1214,595,462,1057,157,693,278,293,571,122,521,317,169,486,35,193,116,62,178,15,134
892,892,2008,WA,7,22782,6714,9523,16237,6545,12086,4279,2360,6639,5447,10696,2435,7163,9598,1098,3465,784,2287,3071,394,2609
893,893,2008,WI,4,6525,2789,2676,5465,1060,3161,1622,1111,2733,428,3364,1167,1565,2732,632,1108,385,498,883,225,716
894,894,2008,WV,4,1667,793,485,1278,389,1101,579,269,848,253,566,214,216,430,136,177,73,65,138,39,337
895,895,2008,WY,1,515,185,266,451,64,340,120,162,282,58,175,65,104,169,6,72,19,51,70,2,79
896,896,2007,AK,2,1992,1009,656,1665,327,1239,626,363,989,250,753,383,293,676,77,237,118,92,210,27,323
897,897,2007,AL,8,6080,1419,2494,3913,2167,4686,1104,1927,3031,1655,1394,315,567,882,512,509,112,201,313,196,1189
898,898,2007,AR,6,2852,652,1078,1730,1122,2181,499,798,1297,884,671,153,280,433,238,234,58,85,143,91,406
899,899,2007,AS,0,0,0,0,0,0,0,0,0,0,0,0,0,0,0,0,0,0,0,0,0,0
900,900,2007,AZ,3,14721,4020,4346,8366,6355,9959,2452,1839,4291,5668,4762,1568,2507,4075,687,1406,478,773,1251,155,2229
901,901,2007,CA,43,123678,23081,27696,50777,72901,97534,16849,15568,32417,65117,26144,6232,12128,18360,7784,8613,2086,4057,6143,2470,31412
902,902,2007,CO,3,15268,4895,4136,9031,6237,7401,3083,1493,4576,2825,7867,1812,2643,4455,3412,2224,541,812,1353,871,1286
903,903,2007,CT,12,4605,2542,1561,4103,502,2773,1613,675,2288,485,1832,929,886,1815,17,624,317,300,617,7,824
904,904,2007,DC,1,6228,3315,2592,5907,321,3934,2632,981,3613,321,2294,683,1611,2294,0,703,203,500,703,0,1923
905,905,2007,DE,1,1130,583,500,1083,47,776,396,333,729,47,354,187,167,354,0,117,59,58,117,0,167
906,906,2007,FL,28,55599,10491,11376,21867,33732,34432,6579,7248,13827,20605,21167,3912,4128,8040,13127,7751,1320,1293,2613,5138,9062
907,907,2007,GA,7,20360,4819,4600,9419,10941,14365,3291,2474,5765,8600,5995,1528,2126,3654,2341,1895,445,724,1169,726,3771
908,908,2007,GU,1,1088,67,115,182,906,391,24,28,52,339,697,43,87,130,567,168,13,19,32,136,87
909,909,2007,HI,2,5782,1050,2218,3268,2514,2941,479,530,1009,1932,2841,571,1688,2259,582,784,176,445,621,163,772
910,910,2007,IA,3,3380,1180,2041,3221,159,1655,771,753,1524,131,1725,409,1288,1697,28,532,128,395,523,9,306
911,911,2007,ID,2,1939,631,846,1477,462,1117,432,389,821,296,822,199,457,656,166,280,66,154,220,60,210
912,912,2007,IL,21,14055,5066,6785,11851,2204,7475,3523,2119,5642,1833,6580,1543,4666,6209,371,2093,503,1478,1981,112,2212
913,913,2007,IN,3,6984,3249,1957,5206,1778,4151,1694,993,2687,1464,2833,1555,964,2519,314,975,518,354,872,103,765
914,914,2007,KS,5,1892,1116,580,1696,196,1238,741,345,1086,152,654,375,235,610,44,205,116,75,191,14,238
915,915,2007,KY,3,5999,2645,2654,5299,700,3302,1816,949,2765,537,2697,829,1705,2534,163,858,241,566,807,51,671
916,916,2007,LA,9,12504,1618,2500,4118,8386,10098,1010,1377,2387,7711,2406,608,1123,1731,675,764,190,365,555,209,4815
917,917,2007,MA,20,15482,9359,5117,14476,1006,7057,3060,3114,6174,883,8425,6299,2003,8302,123,3035,2163,821,2984,51,1937
918,918,2007,MD,16,11698,4205,3241,7446,4252,6641,2686,1937,4623,2018,5057,1519,1304,2823,2234,1675,519,410,929,746,2062
919,919,2007,ME,3,2444,843,1563,2406,38,1124,555,537,1092,32,1320,288,1026,1314,6,445,99,344,443,2,186
920,920,2007,MI,22,14005,5725,5573,11298,2707,7857,3783,2236,6019,1838,6148,1942,3337,5279,869,2012,652,1071,1723,289,1649
921,921,2007,MN,11,7718,3479,3293,6772,946,3393,1758,910,2668,725,4325,1721,2383,4104,221,1362,530,768,1298,64,1449
922,922,2007,MO,8,6959,2894,2575,5469,1490,3823,1708,1225,2933,890,3136,1186,1350,2536,600,1031,399,453,852,179,892
923,923,2007,MP,0,0,0,0,0,0,0,0,0,0,0,0,0,0,0,0,0,0,0,0,0,0
924,924,2007,MS,3,2797,524,697,1221,1576,1843,261,394,655,1188,954,263,303,566,388,301,78,95,173,128,522
925,925,2007,MT,1,1196,404,429,833,363,752,268,213,481,271,444,136,216,352,92,133,40,71,111,22,160
926,926,2007,NC,12,12918,4873,3600,8473,4445,9159,3450,2126,5576,3583,3759,1423,1474,2897,862,1184,461,449,910,274,1490
927,927,2007,ND,1,773,487,278,765,8,548,329,211,540,8,225,158,67,225,0,72,49,23,72,0,70
928,928,2007,NE,7,3718,1593,1486,3079,639,2072,1056,691,1747,325,1646,537,795,1332,314,530,155,278,433,97,495
929,929,2007,NH,3,1645,892,514,1406,239,891,479,191,670,221,754,413,323,736,18,259,131,122,253,6,330
930,930,2007,NJ,20,13169,7602,4269,11871,1298,5962,3631,1374,5005,957,7207,3971,2895,6866,341,2498,1376,998,2374,124,934
931,931,2007,NM,2,3475,985,1123,2108,1367,2343,637,465,1102,1241,1132,348,658,1006,126,304,68,184,252,52,779
932,932,2007,NV,3,11089,1311,6481,7792,3297,9394,1046,5097,6143,3251,1695,265,1384,1649,46,438,78,346,424,14,1297
933,933,2007,NY,32,61067,46894,10560,57454,3613,24557,13654,7351,21005,3552,36510,33240,3209,36449,61,11402,10233,1144,11377,25,4280
934,934,2007,OH,9,12700,6222,4707,10929,1771,7774,4235,2195,6430,1344,4926,1987,2512,4499,427,1648,660,860,1520,128,2303
935,935,2007,OK,8,4838,2316,991,3307,1531,3227,1644,541,2185,1042,1611,672,450,1122,489,545,226,166,392,153,654
936,936,2007,OR,8,17309,2715,4727,7442,9867,10443,1838,2154,3992,6451,6866,877,2573,3450,3416,2233,288,850,1138,1095,2842
937,937,2007,PA,17,15096,6954,6865,13819,1277,7384,4067,2124,6191,1193,7712,2887,4741,7628,84,2497,921,1545,2466,31,1798
938,938,2007,PR,2,4070,551,774,1325,2745,3730,443,690,1133,2597,340,108,84,192,148,109,26,32,58,51,2195
939,939,2007,RI,1,1607,819,737,1556,51,1139,616,472,1088,51,468,203,265,468,0,202,99,103,202,0,220
940,940,2007,SC,5,4473,1577,1459,3036,1437,3194,1118,827,1945,1249,1279,459,632,1091,188,474,183,220,403,71,674
941,941,2007,SD,1,731,371,296,667,64,445,218,163,381,64,286,153,133,286,0,87,42,45,87,0,109
942,942,2007,TN,10,10532,4468,2665,7133,3399,8048,3761,1759,5520,2528,2484,707,906,1613,871,967,282,305,587,380,2632
943,943,2007,TX,18,36761,12672,8986,21658,15103,22564,8505,4438,12943,9621,14197,4167,4548,8715,5482,5282,1424,1512,2936,2346,6020
944,944,2007,UT,3,3795,2080,1460,3540,255,2242,1314,673,1987,255,1553,766,787,1553,0,537,246,291,537,0,700
945,945,2007,VA,22,8852,4095,3189,7284,1568,5066,2671,1192,3863,1203,3786,1424,1997,3421,365,1247,475,642,1117,130,1621
946,946,2007,VI,1,471,40,36,76,395,430,5,30,35,395,41,35,6,41,0,18,15,3,18,0,369
947,947,2007,VT,2,1214,595,462,1057,157,693,278,293,571,122,521,317,169,486,35,193,116,62,178,15,134
948,948,2007,WA,7,22782,6714,9523,16237,6545,12086,4279,2360,6639,5447,10696,2435,7163,9598,1098,3465,784,2287,3071,394,2609
949,949,2007,WI,4,6525,2789,2676,5465,1060,3161,1622,1111,2733,428,3364,1167,1565,2732,632,1108,385,498,883,225,716
950,950,2007,WV,4,1667,793,485,1278,389,1101,579,269,848,253,566,214,216,430,136,177,73,65,138,39,337
951,951,2007,WY,1,515,185,266,451,64,340,120,162,282,58,175,65,104,169,6,72,19,51,70,2,79
